1	6	1	2.714241	580.5176	160.5176	1339.482	919.4824	44	2
2	1	1	2.211888	580.5176	160.5176	1339.482	919.4824	19	2
3	4	1	1.013751	580.5176	160.5176	1339.482	919.4824	32	2
4	5	1	1.536466	580.5176	160.5176	1339.482	919.4824	87	2
5	1	0	0.3228443	580.5176	160.5176	1339.482	919.4824	46	2
6	5	0	0.5919198	580.5176	160.5176	1339.482	919.4824	10	2
7	1	0	0.4967821	580.5176	160.5176	1339.482	919.4824	84	2
8	2	1	0.04372827	580.5176	160.5176	1339.482	919.4824	2	2
9	3	0	1.360817	580.5176	160.5176	1339.482	919.4824	7	2
10	6	0	0.3274016	580.5176	160.5176	1339.482	919.4824	72	2
11	6	1	1.452256	580.5176	160.5176	1339.482	919.4824	48	2
12	4	1	0.0001362775	580.5176	160.5176	1339.482	919.4824	30	2
13	2	1	0.01604397	580.5176	160.5176	1339.482	919.4824	3	2
14	5	1	0.3391993	580.5176	160.5176	1339.482	919.4824	86	2
15	3	1	0.6460696	580.5176	160.5176	1339.482	919.4824	14	2
16	2	1	0.6350242	580.5176	160.5176	1339.482	919.4824	5	2
17	5	0	0.7138138	580.5176	160.5176	1339.482	919.4824	55	2
18	2	1	0.1047433	580.5176	160.5176	1339.482	919.4824	51	2
19	4	1	0.8178605	580.5176	160.5176	1339.482	919.4824	78	2
20	2	1	0.684499	580.5176	160.5176	1339.482	919.4824	54	2
21	3	1	1.073403	580.5176	160.5176	1339.482	919.4824	58	2
22	6	1	0.0001858848	580.5176	160.5176	1339.482	919.4824	91	2
23	2	1	0.4731151	580.5176	160.5176	1339.482	919.4824	1	2
24	5	1	0.7700277	580.5176	160.5176	1339.482	919.4824	85	2
25	3	1	0.4870066	580.5176	160.5176	1339.482	919.4824	62	2
26	5	1	0.4358107	580.5176	160.5176	1339.482	919.4824	38	2
27	4	1	0.0828747	580.5176	160.5176	1339.482	919.4824	74	2
28	5	1	0.505834	580.5176	160.5176	1339.482	919.4824	83	2
29	6	0	0.6348301	580.5176	160.5176	1339.482	919.4824	21	2
30	2	0	0.3776883	580.5176	160.5176	1339.482	919.4824	57	2
31	6	1	0.2526349	580.5176	160.5176	1339.482	919.4824	89	2
32	3	1	0.7217948	580.5176	160.5176	1339.482	919.4824	12	2
33	3	1	0.9048632	580.5176	160.5176	1339.482	919.4824	13	2
34	5	0	0.7451929	580.5176	160.5176	1339.482	919.4824	52	2
35	6	1	0.2899966	580.5176	160.5176	1339.482	919.4824	95	2
36	3	1	0.7510073	580.5176	160.5176	1339.482	919.4824	11	2
37	5	1	0.39188	580.5176	160.5176	1339.482	919.4824	40	2
38	2	0	0.2887698	580.5176	160.5176	1339.482	919.4824	9	2
39	4	1	0.000171915	580.5176	160.5176	1339.482	919.4824	80	2
40	4	1	0.0001733405	580.5176	160.5176	1339.482	919.4824	25	2
41	4	1	0.3242695	580.5176	160.5176	1339.482	919.4824	29	2
42	6	0	0.5132477	580.5176	160.5176	1339.482	919.4824	15	2
43	3	0	0.5463783	580.5176	160.5176	1339.482	919.4824	8	2
44	4	0	0.003071091	580.5176	160.5176	1339.482	919.4824	47	2
45	4	0	0.09842574	580.5176	160.5176	1339.482	919.4824	92	2
46	4	1	0.04545398	580.5176	160.5176	1339.482	919.4824	77	2
47	5	1	0.30669	580.5176	160.5176	1339.482	919.4824	81	2
48	5	1	0.4357583	580.5176	160.5176	1339.482	919.4824	36	2
49	4	1	1.170151	580.5176	160.5176	1339.482	919.4824	75	2
50	6	0	0.2387346	580.5176	160.5176	1339.482	919.4824	69	2
51	4	1	0.0001573749	580.5176	160.5176	1339.482	919.4824	79	2
52	3	0	0.6931252	580.5176	160.5176	1339.482	919.4824	56	2
53	4	0	0.161847	580.5176	160.5176	1339.482	919.4824	45	2
54	4	0	0.2810271	580.5176	160.5176	1339.482	919.4824	42	2
55	1	1	0.3441048	580.5176	160.5176	1339.482	919.4824	71	2
56	5	0	0.8250795	580.5176	160.5176	1339.482	919.4824	61	2
57	1	1	0.9217425	580.5176	160.5176	1339.482	919.4824	70	2
58	2	0	0.2003605	580.5176	160.5176	1339.482	919.4824	59	2
59	1	1	0.383487	580.5176	160.5176	1339.482	919.4824	66	2
60	3	1	1.352523	580.5176	160.5176	1339.482	919.4824	60	2
61	5	1	0.472974	580.5176	160.5176	1339.482	919.4824	39	2
62	1	1	0.2180361	580.5176	160.5176	1339.482	919.4824	68	2
63	1	1	0.2930258	580.5176	160.5176	1339.482	919.4824	24	2
64	4	1	0.8819891	580.5176	160.5176	1339.482	919.4824	26	2
65	2	0	0.2327261	580.5176	160.5176	1339.482	919.4824	16	2
66	4	1	0.000166213	580.5176	160.5176	1339.482	919.4824	27	2
67	1	0	0.08913805	580.5176	160.5176	1339.482	919.4824	63	2
68	6	1	1.400266	580.5176	160.5176	1339.482	919.4824	93	2
69	6	0	0.1105006	580.5176	160.5176	1339.482	919.4824	88	2
70	5	1	1.351726	580.5176	160.5176	1339.482	919.4824	33	2
71	5	0	1.752124	580.5176	160.5176	1339.482	919.4824	4	2
72	2	1	0.4164299	580.5176	160.5176	1339.482	919.4824	49	2
73	6	1	0.0001468262	580.5176	160.5176	1339.482	919.4824	96	2
74	2	1	1.082604	580.5176	160.5176	1339.482	919.4824	53	2
75	6	1	0.6892564	580.5176	160.5176	1339.482	919.4824	94	2
76	1	1	0.3740365	580.5176	160.5176	1339.482	919.4824	67	2
77	2	0	0.384957	580.5176	160.5176	1339.482	919.4824	64	2
78	1	1	0.0001339967	580.5176	160.5176	1339.482	919.4824	18	2
79	6	0	0.3831486	580.5176	160.5176	1339.482	919.4824	23	2
80	5	1	0.6022492	580.5176	160.5176	1339.482	919.4824	82	2
81	2	1	0.3930059	580.5176	160.5176	1339.482	919.4824	6	2
82	3	0	1.265995	580.5176	160.5176	1339.482	919.4824	34	2
83	2	1	0.1625406	580.5176	160.5176	1339.482	919.4824	50	2
84	4	1	0.01762114	580.5176	160.5176	1339.482	919.4824	28	2
85	5	1	0.7168546	580.5176	160.5176	1339.482	919.4824	37	2
86	1	1	0.2996983	580.5176	160.5176	1339.482	919.4824	20	2
87	6	0	0.2546594	580.5176	160.5176	1339.482	919.4824	17	2
88	4	1	0.1176557	580.5176	160.5176	1339.482	919.4824	73	2
89	5	1	0.3729226	580.5176	160.5176	1339.482	919.4824	35	2
90	4	1	0.0001550941	580.5176	160.5176	1339.482	919.4824	76	2
91	6	1	0.3851745	580.5176	160.5176	1339.482	919.4824	43	2
92	5	0	1.352001	580.5176	160.5176	1339.482	919.4824	22	2
93	4	1	0.04253855	580.5176	160.5176	1339.482	919.4824	31	2
94	4	0	0.7296242	580.5176	160.5176	1339.482	919.4824	65	2
95	4	0	0.1425178	580.5176	160.5176	1339.482	919.4824	90	2
96	6	1	0.02561476	580.5176	160.5176	1339.482	919.4824	41	2
1	4	1	1.606273	580.5176	160.5176	1339.482	919.4824	75	3
2	3	0	1.026255	580.5176	160.5176	1339.482	919.4824	8	3
3	6	0	0.3849025	580.5176	160.5176	1339.482	919.4824	69	3
4	6	1	0.513896	580.5176	160.5176	1339.482	919.4824	41	3
5	4	1	0.2967734	580.5176	160.5176	1339.482	919.4824	73	3
6	4	1	0.3400048	580.5176	160.5176	1339.482	919.4824	76	3
7	1	0	0.871009	580.5176	160.5176	1339.482	919.4824	83	3
8	2	1	1.367575	580.5176	160.5176	1339.482	919.4824	4	3
9	5	0	0.8601254	580.5176	160.5176	1339.482	919.4824	58	3
10	1	1	0.2628671	580.5176	160.5176	1339.482	919.4824	68	3
11	1	0	0.2499427	580.5176	160.5176	1339.482	919.4824	55	3
12	4	1	0.0001659279	580.5176	160.5176	1339.482	919.4824	31	3
13	5	0	0.7501511	580.5176	160.5176	1339.482	919.4824	10	3
14	1	0	0.3669367	580.5176	160.5176	1339.482	919.4824	7	3
15	4	1	0.3738654	580.5176	160.5176	1339.482	919.4824	32	3
16	2	1	0.3288414	580.5176	160.5176	1339.482	919.4824	5	3
17	2	1	0.2778448	580.5176	160.5176	1339.482	919.4824	6	3
18	2	1	0.2209558	580.5176	160.5176	1339.482	919.4824	1	3
19	2	1	0.0001573749	580.5176	160.5176	1339.482	919.4824	54	3
20	3	1	0.4712728	580.5176	160.5176	1339.482	919.4824	12	3
21	3	1	0.2082252	580.5176	160.5176	1339.482	919.4824	59	3
22	2	1	0.2172934	580.5176	160.5176	1339.482	919.4824	50	3
23	2	1	0.2043798	580.5176	160.5176	1339.482	919.4824	3	3
24	6	1	0.2574009	580.5176	160.5176	1339.482	919.4824	46	3
25	6	0	0.2445418	580.5176	160.5176	1339.482	919.4824	71	3
26	6	0	3.097533	580.5176	160.5176	1339.482	919.4824	17	3
27	3	1	0.6430669	580.5176	160.5176	1339.482	919.4824	57	3
28	3	1	0.5218352	580.5176	160.5176	1339.482	919.4824	61	3
29	4	0	0.2328293	580.5176	160.5176	1339.482	919.4824	90	3
30	3	1	0.5939274	580.5176	160.5176	1339.482	919.4824	13	3
31	5	0	0.664759	580.5176	160.5176	1339.482	919.4824	56	3
32	4	0	0.2575999	580.5176	160.5176	1339.482	919.4824	47	3
33	4	0	0.2125958	580.5176	160.5176	1339.482	919.4824	42	3
34	1	1	0.2737602	580.5176	160.5176	1339.482	919.4824	19	3
35	4	1	0.2327655	580.5176	160.5176	1339.482	919.4824	80	3
36	5	1	0.2258507	580.5176	160.5176	1339.482	919.4824	40	3
37	1	1	0.1948806	580.5176	160.5176	1339.482	919.4824	20	3
38	2	1	0.3219685	580.5176	160.5176	1339.482	919.4824	2	3
39	5	1	0.304986	580.5176	160.5176	1339.482	919.4824	34	3
40	2	1	0.0001502474	580.5176	160.5176	1339.482	919.4824	49	3
41	1	1	0.000137703	580.5176	160.5176	1339.482	919.4824	22	3
42	1	0	0.2324527	580.5176	160.5176	1339.482	919.4824	63	3
43	1	1	0.1936156	580.5176	160.5176	1339.482	919.4824	66	3
44	4	1	0.05660307	580.5176	160.5176	1339.482	919.4824	74	3
45	1	0	0.3557499	580.5176	160.5176	1339.482	919.4824	36	3
46	1	0	0.2588523	580.5176	160.5176	1339.482	919.4824	43	3
47	4	1	0.0001445454	580.5176	160.5176	1339.482	919.4824	28	3
48	6	1	0.04512811	580.5176	160.5176	1339.482	919.4824	48	3
49	5	1	0.3403708	580.5176	160.5176	1339.482	919.4824	87	3
50	6	1	0.2153462	580.5176	160.5176	1339.482	919.4824	93	3
51	3	0	1.282445	580.5176	160.5176	1339.482	919.4824	52	3
52	3	1	0.1849414	580.5176	160.5176	1339.482	919.4824	9	3
53	4	1	0.05003581	580.5176	160.5176	1339.482	919.4824	79	3
54	4	0	0.000183604	580.5176	160.5176	1339.482	919.4824	15	3
55	5	1	0.358431	580.5176	160.5176	1339.482	919.4824	86	3
56	4	1	0.0001704895	580.5176	160.5176	1339.482	919.4824	26	3
57	2	1	0.1806416	580.5176	160.5176	1339.482	919.4824	53	3
58	3	1	0.2956493	580.5176	160.5176	1339.482	919.4824	62	3
59	6	0	0.09873906	580.5176	160.5176	1339.482	919.4824	70	3
60	6	1	0.4458642	580.5176	160.5176	1339.482	919.4824	89	3
61	6	0	0.0001471113	580.5176	160.5176	1339.482	919.4824	72	3
62	5	1	0.1700065	580.5176	160.5176	1339.482	919.4824	38	3
63	6	0	0.2071205	580.5176	160.5176	1339.482	919.4824	65	3
64	1	0	0.0001630769	580.5176	160.5176	1339.482	919.4824	91	3
65	5	1	0.1554097	580.5176	160.5176	1339.482	919.4824	81	3
66	5	1	0.6345954	580.5176	160.5176	1339.482	919.4824	84	3
67	1	1	0.04148824	580.5176	160.5176	1339.482	919.4824	67	3
68	4	1	0.008782489	580.5176	160.5176	1339.482	919.4824	77	3
69	1	1	0.0001716299	580.5176	160.5176	1339.482	919.4824	18	3
70	6	0	0.7969824	580.5176	160.5176	1339.482	919.4824	21	3
71	5	0	1.049734	580.5176	160.5176	1339.482	919.4824	24	3
72	5	1	0.216271	580.5176	160.5176	1339.482	919.4824	85	3
73	4	1	0.02746192	580.5176	160.5176	1339.482	919.4824	30	3
74	4	0	0.0001639322	580.5176	160.5176	1339.482	919.4824	95	3
75	6	1	0.0001402689	580.5176	160.5176	1339.482	919.4824	96	3
76	3	1	0.1629951	580.5176	160.5176	1339.482	919.4824	11	3
77	3	1	0.0001955782	580.5176	160.5176	1339.482	919.4824	16	3
78	4	0	0.1212807	580.5176	160.5176	1339.482	919.4824	44	3
79	4	1	1.152565	580.5176	160.5176	1339.482	919.4824	29	3
80	6	0	0.0001422646	580.5176	160.5176	1339.482	919.4824	23	3
81	6	1	0.416256	580.5176	160.5176	1339.482	919.4824	92	3
82	4	1	0.0001419795	580.5176	160.5176	1339.482	919.4824	27	3
83	5	1	0.2344487	580.5176	160.5176	1339.482	919.4824	82	3
84	3	1	0.4895662	580.5176	160.5176	1339.482	919.4824	14	3
85	3	0	0.1824195	580.5176	160.5176	1339.482	919.4824	37	3
86	6	1	0.0001396987	580.5176	160.5176	1339.482	919.4824	94	3
87	3	1	0.1846678	580.5176	160.5176	1339.482	919.4824	60	3
88	5	1	0.52174	580.5176	160.5176	1339.482	919.4824	35	3
89	5	1	0.8726469	580.5176	160.5176	1339.482	919.4824	39	3
90	4	1	0.7754868	580.5176	160.5176	1339.482	919.4824	25	3
91	3	1	0.1942368	580.5176	160.5176	1339.482	919.4824	64	3
92	5	1	0.2012979	580.5176	160.5176	1339.482	919.4824	88	3
93	2	1	0.2164261	580.5176	160.5176	1339.482	919.4824	51	3
94	6	1	0.155536	580.5176	160.5176	1339.482	919.4824	45	3
95	5	1	0.1865431	580.5176	160.5176	1339.482	919.4824	33	3
96	4	1	0.01993301	580.5176	160.5176	1339.482	919.4824	78	3
1	4	1	1.369342	580.5176	160.5176	1339.482	919.4824	32	1
2	5	1	0.6536512	580.5176	160.5176	1339.482	919.4824	40	1
3	1	1	0.7744344	580.5176	160.5176	1339.482	919.4824	22	1
4	5	1	0.8892203	580.5176	160.5176	1339.482	919.4824	34	1
5	4	0	0.3659231	580.5176	160.5176	1339.482	919.4824	92	1
6	6	1	0.4829508	580.5176	160.5176	1339.482	919.4824	91	1
7	1	0	0.4259531	580.5176	160.5176	1339.482	919.4824	35	1
8	2	1	0.6668793	580.5176	160.5176	1339.482	919.4824	6	1
9	1	0	0.4436327	580.5176	160.5176	1339.482	919.4824	55	1
10	2	1	0.3046251	580.5176	160.5176	1339.482	919.4824	3	1
11	6	1	0.2496479	580.5176	160.5176	1339.482	919.4824	96	1
12	1	1	0.5347074	580.5176	160.5176	1339.482	919.4824	68	1
13	2	0	0.3835919	580.5176	160.5176	1339.482	919.4824	16	1
14	6	0	0.614618	580.5176	160.5176	1339.482	919.4824	69	1
15	3	1	0.3115108	580.5176	160.5176	1339.482	919.4824	11	1
16	2	1	0.256417	580.5176	160.5176	1339.482	919.4824	54	1
17	4	1	0.2515236	580.5176	160.5176	1339.482	919.4824	30	1
18	6	1	0.4645288	580.5176	160.5176	1339.482	919.4824	45	1
19	4	1	0.399566	580.5176	160.5176	1339.482	919.4824	77	1
20	3	1	0.7646267	580.5176	160.5176	1339.482	919.4824	60	1
21	4	1	1.015237	580.5176	160.5176	1339.482	919.4824	74	1
22	4	1	0.2659088	580.5176	160.5176	1339.482	919.4824	78	1
23	6	0	0.2410077	580.5176	160.5176	1339.482	919.4824	72	1
24	3	1	1.062051	580.5176	160.5176	1339.482	919.4824	62	1
25	1	1	0.9025881	580.5176	160.5176	1339.482	919.4824	70	1
26	2	1	0.3134004	580.5176	160.5176	1339.482	919.4824	51	1
27	5	1	0.7823172	580.5176	160.5176	1339.482	919.4824	33	1
28	1	0	0.4571453	580.5176	160.5176	1339.482	919.4824	7	1
29	5	1	0.5860593	580.5176	160.5176	1339.482	919.4824	86	1
30	5	1	0.3907305	580.5176	160.5176	1339.482	919.4824	38	1
31	3	1	0.5999248	580.5176	160.5176	1339.482	919.4824	58	1
32	4	1	0.2946999	580.5176	160.5176	1339.482	919.4824	76	1
33	5	1	0.3438519	580.5176	160.5176	1339.482	919.4824	81	1
34	6	1	0.2727392	580.5176	160.5176	1339.482	919.4824	89	1
35	4	0	0.1118559	580.5176	160.5176	1339.482	919.4824	42	1
36	4	1	0.0001918719	580.5176	160.5176	1339.482	919.4824	28	1
37	6	0	0.7101944	580.5176	160.5176	1339.482	919.4824	17	1
38	6	1	0.0001796127	580.5176	160.5176	1339.482	919.4824	41	1
39	6	1	0.6141781	580.5176	160.5176	1339.482	919.4824	47	1
40	4	1	0.247151	580.5176	160.5176	1339.482	919.4824	80	1
41	3	1	0.1242726	580.5176	160.5176	1339.482	919.4824	14	1
42	6	1	0.551227	580.5176	160.5176	1339.482	919.4824	46	1
43	2	1	0.4701609	580.5176	160.5176	1339.482	919.4824	56	1
44	1	0	0.5591048	580.5176	160.5176	1339.482	919.4824	63	1
45	6	1	0.2700984	580.5176	160.5176	1339.482	919.4824	93	1
46	2	1	0.6149846	580.5176	160.5176	1339.482	919.4824	8	1
47	6	0	0.8258918	580.5176	160.5176	1339.482	919.4824	67	1
48	1	0	0.3526327	580.5176	160.5176	1339.482	919.4824	84	1
49	6	1	0.4260706	580.5176	160.5176	1339.482	919.4824	90	1
50	1	0	0.3869934	580.5176	160.5176	1339.482	919.4824	83	1
51	3	1	0.9559444	580.5176	160.5176	1339.482	919.4824	59	1
52	4	1	0.2485583	580.5176	160.5176	1339.482	919.4824	79	1
53	5	0	1.643581	580.5176	160.5176	1339.482	919.4824	5	1
54	6	1	0.2000249	580.5176	160.5176	1339.482	919.4824	48	1
55	2	1	0.7990896	580.5176	160.5176	1339.482	919.4824	53	1
56	4	1	0.2057688	580.5176	160.5176	1339.482	919.4824	29	1
57	1	1	0.5069125	580.5176	160.5176	1339.482	919.4824	21	1
58	4	1	0.2497676	580.5176	160.5176	1339.482	919.4824	25	1
59	2	1	0.4529044	580.5176	160.5176	1339.482	919.4824	52	1
60	4	0	0.5357637	580.5176	160.5176	1339.482	919.4824	37	1
61	3	1	0.7786782	580.5176	160.5176	1339.482	919.4824	64	1
62	4	1	0.3494655	580.5176	160.5176	1339.482	919.4824	31	1
63	2	1	0.2525157	580.5176	160.5176	1339.482	919.4824	49	1
64	4	1	0.1196012	580.5176	160.5176	1339.482	919.4824	27	1
65	3	1	0.4527359	580.5176	160.5176	1339.482	919.4824	61	1
66	5	1	0.36766	580.5176	160.5176	1339.482	919.4824	88	1
67	2	1	0.452718	580.5176	160.5176	1339.482	919.4824	50	1
68	5	1	0.5675526	580.5176	160.5176	1339.482	919.4824	87	1
69	4	1	0.2365519	580.5176	160.5176	1339.482	919.4824	26	1
70	6	1	0.5795336	580.5176	160.5176	1339.482	919.4824	43	1
71	6	1	0.2624902	580.5176	160.5176	1339.482	919.4824	94	1
72	6	0	0.1535072	580.5176	160.5176	1339.482	919.4824	19	1
73	4	0	0.3605944	580.5176	160.5176	1339.482	919.4824	44	1
74	6	0	0.6236171	580.5176	160.5176	1339.482	919.4824	15	1
75	4	1	0.3465156	580.5176	160.5176	1339.482	919.4824	73	1
76	2	1	0.1956813	580.5176	160.5176	1339.482	919.4824	1	1
77	1	0	0.1146915	580.5176	160.5176	1339.482	919.4824	36	1
78	5	1	0.2557975	580.5176	160.5176	1339.482	919.4824	82	1
79	6	0	0.2507604	580.5176	160.5176	1339.482	919.4824	71	1
80	6	0	0.0001522431	580.5176	160.5176	1339.482	919.4824	23	1
81	6	0	0.418975	580.5176	160.5176	1339.482	919.4824	65	1
82	2	1	0.3421273	580.5176	160.5176	1339.482	919.4824	2	1
83	2	1	0.5049721	580.5176	160.5176	1339.482	919.4824	4	1
84	1	1	0.2560039	580.5176	160.5176	1339.482	919.4824	18	1
85	4	0	0.4829265	580.5176	160.5176	1339.482	919.4824	85	1
86	4	1	0.2099133	580.5176	160.5176	1339.482	919.4824	75	1
87	6	0	0.383022	580.5176	160.5176	1339.482	919.4824	24	1
88	4	0	0.281944	580.5176	160.5176	1339.482	919.4824	95	1
89	5	1	1.201074	580.5176	160.5176	1339.482	919.4824	39	1
90	3	1	0.4476235	580.5176	160.5176	1339.482	919.4824	13	1
91	2	0	0.2024805	580.5176	160.5176	1339.482	919.4824	9	1
92	1	1	0.193562	580.5176	160.5176	1339.482	919.4824	66	1
93	1	1	0.248723	580.5176	160.5176	1339.482	919.4824	20	1
94	2	0	0.1896975	580.5176	160.5176	1339.482	919.4824	57	1
95	1	0	1.062879	580.5176	160.5176	1339.482	919.4824	10	1
96	5	0	0.7215528	580.5176	160.5176	1339.482	919.4824	12	1
