1	6	0	4.587563	580.5176	160.5176	1339.482	919.4824	18	2
2	3	0	10.88175	580.5176	160.5176	1339.482	919.4824	67	2
3	5	1	10.03295	580.5176	160.5176	1339.482	919.4824	37	2
4	3	1	4.732608	580.5176	160.5176	1339.482	919.4824	15	2
5	2	0	0.9831954	580.5176	160.5176	1339.482	919.4824	16	2
6	5	1	3.88779	580.5176	160.5176	1339.482	919.4824	84	2
7	5	1	4.466768	580.5176	160.5176	1339.482	919.4824	81	2
8	6	1	0.9216079	580.5176	160.5176	1339.482	919.4824	41	2
9	5	1	0.3682285	580.5176	160.5176	1339.482	919.4824	33	2
10	6	0	3.757169	580.5176	160.5176	1339.482	919.4824	24	2
11	5	0	4.786311	580.5176	160.5176	1339.482	919.4824	65	2
12	4	0	0.3928209	580.5176	160.5176	1339.482	919.4824	47	2
13	6	0	2.225794	580.5176	160.5176	1339.482	919.4824	17	2
14	5	0	0.801737	580.5176	160.5176	1339.482	919.4824	20	2
15	6	1	7.560413	580.5176	160.5176	1339.482	919.4824	45	2
16	5	1	0.3715316	580.5176	160.5176	1339.482	919.4824	88	2
17	4	0	0.4407278	580.5176	160.5176	1339.482	919.4824	95	2
18	4	1	2.319467	580.5176	160.5176	1339.482	919.4824	79	2
19	1	1	2.101321	580.5176	160.5176	1339.482	919.4824	70	2
20	5	1	1.087307	580.5176	160.5176	1339.482	919.4824	35	2
21	6	1	1.083902	580.5176	160.5176	1339.482	919.4824	93	2
22	3	0	3.624425	580.5176	160.5176	1339.482	919.4824	22	2
23	2	0	0.5936748	580.5176	160.5176	1339.482	919.4824	34	2
24	4	1	0.3205869	580.5176	160.5176	1339.482	919.4824	28	2
25	1	0	1.711514	580.5176	160.5176	1339.482	919.4824	36	2
26	3	0	1.496004	580.5176	160.5176	1339.482	919.4824	87	2
27	6	0	0.5062157	580.5176	160.5176	1339.482	919.4824	71	2
28	2	1	0.5711711	580.5176	160.5176	1339.482	919.4824	3	2
29	3	1	1.015907	580.5176	160.5176	1339.482	919.4824	57	2
30	6	0	2.370526	580.5176	160.5176	1339.482	919.4824	19	2
31	4	1	0.2784384	580.5176	160.5176	1339.482	919.4824	78	2
32	1	0	1.05351	580.5176	160.5176	1339.482	919.4824	96	2
33	1	1	0.02618296	580.5176	160.5176	1339.482	919.4824	72	2
34	1	0	0.9073133	580.5176	160.5176	1339.482	919.4824	91	2
35	2	1	2.492002	580.5176	160.5176	1339.482	919.4824	8	2
36	4	1	0.4317221	580.5176	160.5176	1339.482	919.4824	32	2
37	4	1	0.2406892	580.5176	160.5176	1339.482	919.4824	77	2
38	2	1	0.8237758	580.5176	160.5176	1339.482	919.4824	2	2
39	6	1	2.408511	580.5176	160.5176	1339.482	919.4824	44	2
40	5	0	0.7323578	580.5176	160.5176	1339.482	919.4824	60	2
41	4	1	0.577187	580.5176	160.5176	1339.482	919.4824	26	2
42	3	1	1.612033	580.5176	160.5176	1339.482	919.4824	63	2
43	2	0	0.9123214	580.5176	160.5176	1339.482	919.4824	12	2
44	1	0	1.840985	580.5176	160.5176	1339.482	919.4824	94	2
45	2	0	5.191133	580.5176	160.5176	1339.482	919.4824	58	2
46	4	1	0.7175303	580.5176	160.5176	1339.482	919.4824	73	2
47	4	0	0.116328	580.5176	160.5176	1339.482	919.4824	90	2
48	5	1	0.6114457	580.5176	160.5176	1339.482	919.4824	38	2
49	2	0	3.982029	580.5176	160.5176	1339.482	919.4824	82	2
50	5	0	1.423127	580.5176	160.5176	1339.482	919.4824	56	2
51	6	1	1.057485	580.5176	160.5176	1339.482	919.4824	46	2
52	4	1	0.3801017	580.5176	160.5176	1339.482	919.4824	29	2
53	4	1	0.08706538	580.5176	160.5176	1339.482	919.4824	31	2
54	2	1	3.868237	580.5176	160.5176	1339.482	919.4824	4	2
55	3	0	1.019259	580.5176	160.5176	1339.482	919.4824	55	2
56	4	1	0.3179794	580.5176	160.5176	1339.482	919.4824	75	2
57	1	0	0.653077	580.5176	160.5176	1339.482	919.4824	89	2
58	1	1	0.2898241	580.5176	160.5176	1339.482	919.4824	66	2
59	6	0	1.078968	580.5176	160.5176	1339.482	919.4824	69	2
60	4	1	0.541334	580.5176	160.5176	1339.482	919.4824	30	2
61	5	1	1.848309	580.5176	160.5176	1339.482	919.4824	83	2
62	2	1	1.012474	580.5176	160.5176	1339.482	919.4824	49	2
63	5	0	0.8651537	580.5176	160.5176	1339.482	919.4824	5	2
64	4	0	0.8498153	580.5176	160.5176	1339.482	919.4824	42	2
65	5	1	0.8145015	580.5176	160.5176	1339.482	919.4824	86	2
66	6	1	0.6572697	580.5176	160.5176	1339.482	919.4824	43	2
67	4	1	0.6120444	580.5176	160.5176	1339.482	919.4824	74	2
68	5	0	1.000985	580.5176	160.5176	1339.482	919.4824	10	2
69	2	1	0.7596843	580.5176	160.5176	1339.482	919.4824	51	2
70	4	1	0.7743258	580.5176	160.5176	1339.482	919.4824	25	2
71	3	0	1.16909	580.5176	160.5176	1339.482	919.4824	39	2
72	5	1	0.7016622	580.5176	160.5176	1339.482	919.4824	40	2
73	4	1	1.656412	580.5176	160.5176	1339.482	919.4824	76	2
74	5	0	3.834652	580.5176	160.5176	1339.482	919.4824	6	2
75	6	1	1.809788	580.5176	160.5176	1339.482	919.4824	48	2
76	5	1	3.797912	580.5176	160.5176	1339.482	919.4824	85	2
77	2	1	0.7869668	580.5176	160.5176	1339.482	919.4824	54	2
78	4	1	0.5237639	580.5176	160.5176	1339.482	919.4824	80	2
79	2	0	1.248685	580.5176	160.5176	1339.482	919.4824	64	2
80	2	1	0.3412697	580.5176	160.5176	1339.482	919.4824	50	2
81	3	0	1.42417	580.5176	160.5176	1339.482	919.4824	52	2
82	1	0	1.304654	580.5176	160.5176	1339.482	919.4824	13	2
83	1	1	0.465134	580.5176	160.5176	1339.482	919.4824	68	2
84	2	1	2.665958	580.5176	160.5176	1339.482	919.4824	1	2
85	6	0	0.8817496	580.5176	160.5176	1339.482	919.4824	21	2
86	2	0	0.5044093	580.5176	160.5176	1339.482	919.4824	9	2
87	6	1	1.265243	580.5176	160.5176	1339.482	919.4824	92	2
88	4	1	0.65781	580.5176	160.5176	1339.482	919.4824	27	2
89	1	0	1.140648	580.5176	160.5176	1339.482	919.4824	62	2
90	1	1	0.5431296	580.5176	160.5176	1339.482	919.4824	23	2
91	2	0	0.5460133	580.5176	160.5176	1339.482	919.4824	59	2
92	3	1	1.002937	580.5176	160.5176	1339.482	919.4824	14	2
93	2	1	1.289558	580.5176	160.5176	1339.482	919.4824	53	2
94	2	0	0.2942694	580.5176	160.5176	1339.482	919.4824	11	2
95	2	0	1.217076	580.5176	160.5176	1339.482	919.4824	61	2
96	5	0	0.8355897	580.5176	160.5176	1339.482	919.4824	7	2
1	4	1	3.464252	580.5176	160.5176	1339.482	919.4824	32	3
2	5	1	1.839302	580.5176	160.5176	1339.482	919.4824	40	3
3	1	1	1.903401	580.5176	160.5176	1339.482	919.4824	22	3
4	2	0	1.095557	580.5176	160.5176	1339.482	919.4824	34	3
5	6	1	0.6341949	580.5176	160.5176	1339.482	919.4824	92	3
6	6	1	0.4429402	580.5176	160.5176	1339.482	919.4824	91	3
7	3	0	1.090041	580.5176	160.5176	1339.482	919.4824	35	3
8	5	0	0.7904801	580.5176	160.5176	1339.482	919.4824	6	3
9	1	0	1.415325	580.5176	160.5176	1339.482	919.4824	55	3
10	2	1	0.2976997	580.5176	160.5176	1339.482	919.4824	3	3
11	6	1	0.612754	580.5176	160.5176	1339.482	919.4824	96	3
12	1	1	2.551476	580.5176	160.5176	1339.482	919.4824	68	3
13	3	1	0.6313276	580.5176	160.5176	1339.482	919.4824	16	3
14	6	0	0.2161832	580.5176	160.5176	1339.482	919.4824	69	3
15	3	1	0.4352251	580.5176	160.5176	1339.482	919.4824	11	3
16	5	0	1.282196	580.5176	160.5176	1339.482	919.4824	54	3
17	4	1	0.2806311	580.5176	160.5176	1339.482	919.4824	30	3
18	6	1	0.3998699	580.5176	160.5176	1339.482	919.4824	45	3
19	4	1	0.3586095	580.5176	160.5176	1339.482	919.4824	77	3
20	2	0	0.6536236	580.5176	160.5176	1339.482	919.4824	60	3
21	4	1	0.6585053	580.5176	160.5176	1339.482	919.4824	74	3
22	4	1	0.277286	580.5176	160.5176	1339.482	919.4824	78	3
23	6	0	0.5245454	580.5176	160.5176	1339.482	919.4824	72	3
24	3	1	0.4572223	580.5176	160.5176	1339.482	919.4824	62	3
25	6	0	0.388241	580.5176	160.5176	1339.482	919.4824	70	3
26	2	1	0.6612172	580.5176	160.5176	1339.482	919.4824	51	3
27	5	1	1.688055	580.5176	160.5176	1339.482	919.4824	33	3
28	1	0	1.220381	580.5176	160.5176	1339.482	919.4824	7	3
29	5	1	0.5488176	580.5176	160.5176	1339.482	919.4824	86	3
30	5	1	0.3956676	580.5176	160.5176	1339.482	919.4824	38	3
31	2	0	0.8905934	580.5176	160.5176	1339.482	919.4824	58	3
32	4	1	0.5112814	580.5176	160.5176	1339.482	919.4824	76	3
33	5	1	0.4323017	580.5176	160.5176	1339.482	919.4824	81	3
34	6	1	0.5613411	580.5176	160.5176	1339.482	919.4824	89	3
35	4	0	1.248194	580.5176	160.5176	1339.482	919.4824	42	3
36	4	1	0.260596	580.5176	160.5176	1339.482	919.4824	28	3
37	6	0	1.671646	580.5176	160.5176	1339.482	919.4824	17	3
38	6	1	0.2399291	580.5176	160.5176	1339.482	919.4824	41	3
39	4	0	1.694935	580.5176	160.5176	1339.482	919.4824	47	3
40	4	1	2.089167	580.5176	160.5176	1339.482	919.4824	80	3
41	3	1	1.565109	580.5176	160.5176	1339.482	919.4824	14	3
42	6	1	0.2896063	580.5176	160.5176	1339.482	919.4824	46	3
43	2	1	1.726703	580.5176	160.5176	1339.482	919.4824	56	3
44	3	1	0.5148066	580.5176	160.5176	1339.482	919.4824	63	3
45	6	1	0.8257438	580.5176	160.5176	1339.482	919.4824	93	3
46	5	0	0.8266065	580.5176	160.5176	1339.482	919.4824	8	3
47	6	0	1.667256	580.5176	160.5176	1339.482	919.4824	67	3
48	1	0	0.4115522	580.5176	160.5176	1339.482	919.4824	84	3
49	4	0	0.7780632	580.5176	160.5176	1339.482	919.4824	90	3
50	3	0	2.220825	580.5176	160.5176	1339.482	919.4824	83	3
51	3	1	1.84677	580.5176	160.5176	1339.482	919.4824	59	3
52	4	1	0.2910418	580.5176	160.5176	1339.482	919.4824	79	3
53	5	0	0.6881497	580.5176	160.5176	1339.482	919.4824	5	3
54	6	1	0.7650826	580.5176	160.5176	1339.482	919.4824	48	3
55	2	1	2.769557	580.5176	160.5176	1339.482	919.4824	53	3
56	4	1	0.4612205	580.5176	160.5176	1339.482	919.4824	29	3
57	1	1	0.6962148	580.5176	160.5176	1339.482	919.4824	21	3
58	4	1	0.5309729	580.5176	160.5176	1339.482	919.4824	25	3
59	5	0	13.60775	580.5176	160.5176	1339.482	919.4824	52	3
60	5	1	2.303496	580.5176	160.5176	1339.482	919.4824	37	3
61	3	1	1.049448	580.5176	160.5176	1339.482	919.4824	64	3
62	4	1	0.4620433	580.5176	160.5176	1339.482	919.4824	31	3
63	2	1	0.6409395	580.5176	160.5176	1339.482	919.4824	49	3
64	4	1	0.4637288	580.5176	160.5176	1339.482	919.4824	27	3
65	3	1	1.01666	580.5176	160.5176	1339.482	919.4824	61	3
66	5	1	0.5153133	580.5176	160.5176	1339.482	919.4824	88	3
67	2	1	0.5544788	580.5176	160.5176	1339.482	919.4824	50	3
68	5	1	0.6170875	580.5176	160.5176	1339.482	919.4824	87	3
69	4	1	0.5399071	580.5176	160.5176	1339.482	919.4824	26	3
70	6	1	0.8069024	580.5176	160.5176	1339.482	919.4824	43	3
71	1	0	0.4595937	580.5176	160.5176	1339.482	919.4824	94	3
72	6	0	0.7505206	580.5176	160.5176	1339.482	919.4824	19	3
73	1	0	0.6313436	580.5176	160.5176	1339.482	919.4824	44	3
74	3	1	0.4482927	580.5176	160.5176	1339.482	919.4824	15	3
75	4	1	0.4131402	580.5176	160.5176	1339.482	919.4824	73	3
76	2	1	0.8100873	580.5176	160.5176	1339.482	919.4824	1	3
77	5	1	1.438862	580.5176	160.5176	1339.482	919.4824	36	3
78	2	0	1.205324	580.5176	160.5176	1339.482	919.4824	82	3
79	6	0	0.4739257	580.5176	160.5176	1339.482	919.4824	71	3
80	6	0	0.6806373	580.5176	160.5176	1339.482	919.4824	23	3
81	1	1	1.047621	580.5176	160.5176	1339.482	919.4824	65	3
82	2	1	0.4840863	580.5176	160.5176	1339.482	919.4824	2	3
83	5	0	1.729109	580.5176	160.5176	1339.482	919.4824	4	3
84	1	1	0.8532881	580.5176	160.5176	1339.482	919.4824	18	3
85	5	1	3.465972	580.5176	160.5176	1339.482	919.4824	85	3
86	4	1	0.3211896	580.5176	160.5176	1339.482	919.4824	75	3
87	6	0	1.704178	580.5176	160.5176	1339.482	919.4824	24	3
88	4	0	0.7764703	580.5176	160.5176	1339.482	919.4824	95	3
89	5	1	0.5792368	580.5176	160.5176	1339.482	919.4824	39	3
90	3	1	0.5102023	580.5176	160.5176	1339.482	919.4824	13	3
91	2	0	0.3030707	580.5176	160.5176	1339.482	919.4824	9	3
92	1	1	2.234	580.5176	160.5176	1339.482	919.4824	66	3
93	1	1	0.27396	580.5176	160.5176	1339.482	919.4824	20	3
94	2	0	0.3370668	580.5176	160.5176	1339.482	919.4824	57	3
95	2	0	1.036293	580.5176	160.5176	1339.482	919.4824	10	3
96	5	0	1.554732	580.5176	160.5176	1339.482	919.4824	12	3
1	3	1	1.674672	580.5176	160.5176	1339.482	919.4824	63	1
2	1	1	1.032703	580.5176	160.5176	1339.482	919.4824	20	1
3	2	1	0.7913203	580.5176	160.5176	1339.482	919.4824	2	1
4	3	1	1.496238	580.5176	160.5176	1339.482	919.4824	9	1
5	6	0	0.8426388	580.5176	160.5176	1339.482	919.4824	17	1
6	5	1	0.4151786	580.5176	160.5176	1339.482	919.4824	40	1
7	4	1	0.4421787	580.5176	160.5176	1339.482	919.4824	29	1
8	6	1	1.310957	580.5176	160.5176	1339.482	919.4824	92	1
9	5	0	1.111591	580.5176	160.5176	1339.482	919.4824	60	1
10	1	1	1.448204	580.5176	160.5176	1339.482	919.4824	68	1
11	6	0	1.012687	580.5176	160.5176	1339.482	919.4824	22	1
12	6	1	0.5932423	580.5176	160.5176	1339.482	919.4824	96	1
13	3	1	0.5519588	580.5176	160.5176	1339.482	919.4824	11	1
14	3	0	2.800883	580.5176	160.5176	1339.482	919.4824	87	1
15	1	1	1.598557	580.5176	160.5176	1339.482	919.4824	66	1
16	6	1	0.2929152	580.5176	160.5176	1339.482	919.4824	43	1
17	4	1	0.5219113	580.5176	160.5176	1339.482	919.4824	75	1
18	6	0	0.984762	580.5176	160.5176	1339.482	919.4824	69	1
19	3	1	0.6974194	580.5176	160.5176	1339.482	919.4824	15	1
20	6	0	0.7082133	580.5176	160.5176	1339.482	919.4824	72	1
21	5	0	1.537227	580.5176	160.5176	1339.482	919.4824	4	1
22	6	0	0.5713538	580.5176	160.5176	1339.482	919.4824	67	1
23	6	1	0.3121808	580.5176	160.5176	1339.482	919.4824	93	1
24	3	0	1.657364	580.5176	160.5176	1339.482	919.4824	55	1
25	1	0	2.083461	580.5176	160.5176	1339.482	919.4824	61	1
26	4	1	0.4975647	580.5176	160.5176	1339.482	919.4824	25	1
27	2	1	0.484419	580.5176	160.5176	1339.482	919.4824	51	1
28	6	0	0.2255091	580.5176	160.5176	1339.482	919.4824	65	1
29	4	1	0.5465257	580.5176	160.5176	1339.482	919.4824	76	1
30	4	1	0.2513457	580.5176	160.5176	1339.482	919.4824	80	1
31	1	0	1.392352	580.5176	160.5176	1339.482	919.4824	83	1
32	6	1	0.3928305	580.5176	160.5176	1339.482	919.4824	44	1
33	5	1	0.969847	580.5176	160.5176	1339.482	919.4824	81	1
34	6	0	0.6464773	580.5176	160.5176	1339.482	919.4824	24	1
35	4	0	1.019286	580.5176	160.5176	1339.482	919.4824	95	1
36	5	1	0.662073	580.5176	160.5176	1339.482	919.4824	38	1
37	5	0	0.8889455	580.5176	160.5176	1339.482	919.4824	12	1
38	4	1	0.3734238	580.5176	160.5176	1339.482	919.4824	79	1
39	6	1	0.4585266	580.5176	160.5176	1339.482	919.4824	41	1
40	5	1	0.7653606	580.5176	160.5176	1339.482	919.4824	34	1
41	5	0	0.4581274	580.5176	160.5176	1339.482	919.4824	56	1
42	3	1	1.861069	580.5176	160.5176	1339.482	919.4824	59	1
43	1	0	1.271173	580.5176	160.5176	1339.482	919.4824	94	1
44	6	0	0.7676357	580.5176	160.5176	1339.482	919.4824	21	1
45	5	1	0.6365552	580.5176	160.5176	1339.482	919.4824	88	1
46	1	0	1.083296	580.5176	160.5176	1339.482	919.4824	84	1
47	6	1	0.673958	580.5176	160.5176	1339.482	919.4824	91	1
48	1	0	1.544794	580.5176	160.5176	1339.482	919.4824	36	1
49	3	1	0.8671898	580.5176	160.5176	1339.482	919.4824	62	1
50	5	1	1.419744	580.5176	160.5176	1339.482	919.4824	39	1
51	6	1	0.3022576	580.5176	160.5176	1339.482	919.4824	47	1
52	4	1	0.4574235	580.5176	160.5176	1339.482	919.4824	27	1
53	4	1	0.2762189	580.5176	160.5176	1339.482	919.4824	78	1
54	4	1	0.2132179	580.5176	160.5176	1339.482	919.4824	73	1
55	3	0	1.136264	580.5176	160.5176	1339.482	919.4824	7	1
56	2	1	0.6827935	580.5176	160.5176	1339.482	919.4824	50	1
57	5	1	0.4097962	580.5176	160.5176	1339.482	919.4824	86	1
58	4	0	0.9027132	580.5176	160.5176	1339.482	919.4824	42	1
59	5	0	0.6574869	580.5176	160.5176	1339.482	919.4824	5	1
60	5	0	0.3881675	580.5176	160.5176	1339.482	919.4824	6	1
61	6	0	0.5090784	580.5176	160.5176	1339.482	919.4824	23	1
62	3	1	0.6860379	580.5176	160.5176	1339.482	919.4824	57	1
63	5	0	0.5308135	580.5176	160.5176	1339.482	919.4824	58	1
64	3	1	1.231738	580.5176	160.5176	1339.482	919.4824	13	1
65	4	1	0.5122744	580.5176	160.5176	1339.482	919.4824	74	1
66	5	1	0.6250412	580.5176	160.5176	1339.482	919.4824	33	1
67	6	0	0.434146	580.5176	160.5176	1339.482	919.4824	19	1
68	6	1	0.2889828	580.5176	160.5176	1339.482	919.4824	89	1
69	4	1	0.3981973	580.5176	160.5176	1339.482	919.4824	31	1
70	5	0	0.4530532	580.5176	160.5176	1339.482	919.4824	10	1
71	4	1	0.3939	580.5176	160.5176	1339.482	919.4824	32	1
72	3	0	1.353085	580.5176	160.5176	1339.482	919.4824	49	1
73	5	1	0.4653758	580.5176	160.5176	1339.482	919.4824	82	1
74	2	1	0.4422266	580.5176	160.5176	1339.482	919.4824	3	1
75	4	1	0.3772809	580.5176	160.5176	1339.482	919.4824	77	1
76	5	0	2.604144	580.5176	160.5176	1339.482	919.4824	52	1
77	3	1	0.6179559	580.5176	160.5176	1339.482	919.4824	14	1
78	1	1	0.8847848	580.5176	160.5176	1339.482	919.4824	70	1
79	5	0	0.4495063	580.5176	160.5176	1339.482	919.4824	53	1
80	5	1	0.3504249	580.5176	160.5176	1339.482	919.4824	37	1
81	6	0	0.5194327	580.5176	160.5176	1339.482	919.4824	71	1
82	2	0	0.3902809	580.5176	160.5176	1339.482	919.4824	16	1
83	1	1	0.5912871	580.5176	160.5176	1339.482	919.4824	18	1
84	2	0	0.6401643	580.5176	160.5176	1339.482	919.4824	64	1
85	2	1	0.4151846	580.5176	160.5176	1339.482	919.4824	1	1
86	6	1	0.7699986	580.5176	160.5176	1339.482	919.4824	45	1
87	4	1	0.5107865	580.5176	160.5176	1339.482	919.4824	26	1
88	4	1	0.3195951	580.5176	160.5176	1339.482	919.4824	30	1
89	4	0	0.2865706	580.5176	160.5176	1339.482	919.4824	90	1
90	2	1	0.5716757	580.5176	160.5176	1339.482	919.4824	8	1
91	1	0	0.9525729	580.5176	160.5176	1339.482	919.4824	35	1
92	4	1	0.8176952	580.5176	160.5176	1339.482	919.4824	28	1
93	5	0	0.6040302	580.5176	160.5176	1339.482	919.4824	54	1
94	6	1	0.5928649	580.5176	160.5176	1339.482	919.4824	48	1
95	1	0	0.4256426	580.5176	160.5176	1339.482	919.4824	46	1
96	5	1	0.4506963	580.5176	160.5176	1339.482	919.4824	85	1
