1	1	1	2.868444	580.5176	160.5176	1339.482	919.4824	18	2
2	4	1	1.581852	580.5176	160.5176	1339.482	919.4824	76	2
3	4	0	1.82217	580.5176	160.5176	1339.482	919.4824	93	2
4	5	1	1.408382	580.5176	160.5176	1339.482	919.4824	40	2
5	4	0	2.052775	580.5176	160.5176	1339.482	919.4824	44	2
6	4	1	0.4468964	580.5176	160.5176	1339.482	919.4824	30	2
7	4	0	1.387786	580.5176	160.5176	1339.482	919.4824	90	2
8	1	1	1.692187	580.5176	160.5176	1339.482	919.4824	71	2
9	2	1	1.284387	580.5176	160.5176	1339.482	919.4824	2	2
10	2	1	0.760898	580.5176	160.5176	1339.482	919.4824	7	2
11	4	1	1.04776	580.5176	160.5176	1339.482	919.4824	78	2
12	3	1	1.476307	580.5176	160.5176	1339.482	919.4824	10	2
13	4	1	1.138687	580.5176	160.5176	1339.482	919.4824	74	2
14	4	1	0.637362	580.5176	160.5176	1339.482	919.4824	31	2
15	4	1	0.5321723	580.5176	160.5176	1339.482	919.4824	73	2
16	2	0	1.664996	580.5176	160.5176	1339.482	919.4824	59	2
17	3	1	0.9452474	580.5176	160.5176	1339.482	919.4824	60	2
18	1	1	1.930116	580.5176	160.5176	1339.482	919.4824	20	2
19	1	1	0.8621009	580.5176	160.5176	1339.482	919.4824	70	2
20	2	0	2.96873	580.5176	160.5176	1339.482	919.4824	89	2
21	4	0	1.004297	580.5176	160.5176	1339.482	919.4824	92	2
22	4	0	0.5290246	580.5176	160.5176	1339.482	919.4824	91	2
23	5	0	1.141887	580.5176	160.5176	1339.482	919.4824	52	2
24	3	1	0.9283785	580.5176	160.5176	1339.482	919.4824	15	2
25	5	1	0.3012857	580.5176	160.5176	1339.482	919.4824	88	2
26	1	0	9.623967	580.5176	160.5176	1339.482	919.4824	43	2
27	2	1	1.949992	580.5176	160.5176	1339.482	919.4824	53	2
28	6	0	1.718207	580.5176	160.5176	1339.482	919.4824	17	2
29	4	1	0.5405083	580.5176	160.5176	1339.482	919.4824	29	2
30	1	1	1.671336	580.5176	160.5176	1339.482	919.4824	23	2
31	4	1	0.5516128	580.5176	160.5176	1339.482	919.4824	79	2
32	5	1	4.608268	580.5176	160.5176	1339.482	919.4824	34	2
33	4	0	0.459135	580.5176	160.5176	1339.482	919.4824	95	2
34	5	0	1.878014	580.5176	160.5176	1339.482	919.4824	32	2
35	6	1	2.628076	580.5176	160.5176	1339.482	919.4824	45	2
36	5	1	0.5878697	580.5176	160.5176	1339.482	919.4824	33	2
37	2	0	2.844687	580.5176	160.5176	1339.482	919.4824	65	2
38	3	1	0.4343661	580.5176	160.5176	1339.482	919.4824	14	2
39	4	1	1.857232	580.5176	160.5176	1339.482	919.4824	75	2
40	2	1	1.363498	580.5176	160.5176	1339.482	919.4824	51	2
41	2	1	1.481966	580.5176	160.5176	1339.482	919.4824	49	2
42	1	0	1.288292	580.5176	160.5176	1339.482	919.4824	84	2
43	5	0	2.268679	580.5176	160.5176	1339.482	919.4824	8	2
44	3	1	1.012657	580.5176	160.5176	1339.482	919.4824	64	2
45	6	0	11.08907	580.5176	160.5176	1339.482	919.4824	39	2
46	5	1	1.010361	580.5176	160.5176	1339.482	919.4824	87	2
47	1	0	1.047124	580.5176	160.5176	1339.482	919.4824	36	2
48	2	0	1.499673	580.5176	160.5176	1339.482	919.4824	9	2
49	2	0	1.683637	580.5176	160.5176	1339.482	919.4824	57	2
50	1	0	1.121798	580.5176	160.5176	1339.482	919.4824	83	2
51	1	1	0.3443747	580.5176	160.5176	1339.482	919.4824	22	2
52	6	1	1.793312	580.5176	160.5176	1339.482	919.4824	48	2
53	6	0	0.6336692	580.5176	160.5176	1339.482	919.4824	24	2
54	6	1	0.4264498	580.5176	160.5176	1339.482	919.4824	46	2
55	5	1	2.059387	580.5176	160.5176	1339.482	919.4824	37	2
56	4	1	0.6456541	580.5176	160.5176	1339.482	919.4824	27	2
57	6	0	2.130189	580.5176	160.5176	1339.482	919.4824	69	2
58	5	1	1.070242	580.5176	160.5176	1339.482	919.4824	81	2
59	4	1	1.014904	580.5176	160.5176	1339.482	919.4824	28	2
60	4	1	2.401575	580.5176	160.5176	1339.482	919.4824	80	2
61	6	0	1.167297	580.5176	160.5176	1339.482	919.4824	67	2
62	6	1	0.188052	580.5176	160.5176	1339.482	919.4824	94	2
63	2	0	2.76515	580.5176	160.5176	1339.482	919.4824	42	2
64	5	1	0.3766901	580.5176	160.5176	1339.482	919.4824	38	2
65	5	0	0.7878425	580.5176	160.5176	1339.482	919.4824	6	2
66	3	1	0.988368	580.5176	160.5176	1339.482	919.4824	16	2
67	6	0	3.021159	580.5176	160.5176	1339.482	919.4824	21	2
68	4	1	1.390581	580.5176	160.5176	1339.482	919.4824	26	2
69	3	1	2.830879	580.5176	160.5176	1339.482	919.4824	63	2
70	1	1	0.9106817	580.5176	160.5176	1339.482	919.4824	68	2
71	4	0	0.9353118	580.5176	160.5176	1339.482	919.4824	47	2
72	3	1	1.122138	580.5176	160.5176	1339.482	919.4824	61	2
73	5	0	0.8965768	580.5176	160.5176	1339.482	919.4824	12	2
74	5	0	3.16329	580.5176	160.5176	1339.482	919.4824	54	2
75	6	0	1.838849	580.5176	160.5176	1339.482	919.4824	72	2
76	2	1	2.140875	580.5176	160.5176	1339.482	919.4824	50	2
77	6	1	0.5831086	580.5176	160.5176	1339.482	919.4824	96	2
78	5	1	0.537866	580.5176	160.5176	1339.482	919.4824	86	2
79	4	1	0.5887675	580.5176	160.5176	1339.482	919.4824	77	2
80	4	1	0.6055797	580.5176	160.5176	1339.482	919.4824	25	2
81	2	0	1.63452	580.5176	160.5176	1339.482	919.4824	82	2
82	6	0	1.04862	580.5176	160.5176	1339.482	919.4824	19	2
83	4	0	0.7813218	580.5176	160.5176	1339.482	919.4824	41	2
84	5	0	1.032127	580.5176	160.5176	1339.482	919.4824	58	2
85	1	1	0.9446997	580.5176	160.5176	1339.482	919.4824	66	2
86	2	1	0.5373993	580.5176	160.5176	1339.482	919.4824	1	2
87	3	0	2.716324	580.5176	160.5176	1339.482	919.4824	55	2
88	3	1	2.673955	580.5176	160.5176	1339.482	919.4824	62	2
89	3	1	0.3776922	580.5176	160.5176	1339.482	919.4824	11	2
90	2	1	1.380509	580.5176	160.5176	1339.482	919.4824	4	2
91	2	0	0.7590813	580.5176	160.5176	1339.482	919.4824	13	2
92	2	1	0.0001602245	580.5176	160.5176	1339.482	919.4824	5	2
93	2	1	0.5250828	580.5176	160.5176	1339.482	919.4824	3	2
94	1	0	1.066019	580.5176	160.5176	1339.482	919.4824	35	2
95	3	0	0.9546408	580.5176	160.5176	1339.482	919.4824	56	2
96	2	0	11.46511	580.5176	160.5176	1339.482	919.4824	85	2
1	4	1	1.612678	580.5176	160.5176	1339.482	919.4824	78	1
2	2	1	2.150762	580.5176	160.5176	1339.482	919.4824	51	1
3	4	1	0.9167229	580.5176	160.5176	1339.482	919.4824	29	1
4	6	0	3.723458	580.5176	160.5176	1339.482	919.4824	66	1
5	6	1	1.280675	580.5176	160.5176	1339.482	919.4824	45	1
6	3	0	1.100991	580.5176	160.5176	1339.482	919.4824	56	1
7	4	1	0.4957623	580.5176	160.5176	1339.482	919.4824	30	1
8	1	1	0.9225446	580.5176	160.5176	1339.482	919.4824	20	1
9	1	0	1.289245	580.5176	160.5176	1339.482	919.4824	46	1
10	6	1	1.221906	580.5176	160.5176	1339.482	919.4824	44	1
11	4	1	0.7764209	580.5176	160.5176	1339.482	919.4824	73	1
12	3	0	0.9072887	580.5176	160.5176	1339.482	919.4824	87	1
13	6	1	4.523686	580.5176	160.5176	1339.482	919.4824	93	1
14	1	1	0.7604521	580.5176	160.5176	1339.482	919.4824	18	1
15	2	1	0.5911846	580.5176	160.5176	1339.482	919.4824	3	1
16	3	1	1.471981	580.5176	160.5176	1339.482	919.4824	61	1
17	2	0	1.816408	580.5176	160.5176	1339.482	919.4824	82	1
18	3	0	1.362588	580.5176	160.5176	1339.482	919.4824	55	1
19	4	1	0.3770533	580.5176	160.5176	1339.482	919.4824	25	1
20	6	1	1.203996	580.5176	160.5176	1339.482	919.4824	47	1
21	5	1	0.6725809	580.5176	160.5176	1339.482	919.4824	33	1
22	4	1	0.6334117	580.5176	160.5176	1339.482	919.4824	27	1
23	5	1	0.7523128	580.5176	160.5176	1339.482	919.4824	81	1
24	2	0	0.777108	580.5176	160.5176	1339.482	919.4824	9	1
25	2	1	4.731792	580.5176	160.5176	1339.482	919.4824	52	1
26	5	1	0.9783603	580.5176	160.5176	1339.482	919.4824	84	1
27	1	1	2.461149	580.5176	160.5176	1339.482	919.4824	72	1
28	5	1	0.8470569	580.5176	160.5176	1339.482	919.4824	86	1
29	5	1	0.7314911	580.5176	160.5176	1339.482	919.4824	35	1
30	4	1	0.9843345	580.5176	160.5176	1339.482	919.4824	80	1
31	4	0	0.3211162	580.5176	160.5176	1339.482	919.4824	41	1
32	2	0	1.192149	580.5176	160.5176	1339.482	919.4824	58	1
33	6	0	2.944537	580.5176	160.5176	1339.482	919.4824	70	1
34	5	0	1.064036	580.5176	160.5176	1339.482	919.4824	60	1
35	6	0	1.120726	580.5176	160.5176	1339.482	919.4824	19	1
36	4	1	0.5912963	580.5176	160.5176	1339.482	919.4824	75	1
37	5	1	0.9842105	580.5176	160.5176	1339.482	919.4824	88	1
38	2	0	5.808701	580.5176	160.5176	1339.482	919.4824	37	1
39	6	1	1.522772	580.5176	160.5176	1339.482	919.4824	89	1
40	5	1	0.8013259	580.5176	160.5176	1339.482	919.4824	40	1
41	4	1	0.8860385	580.5176	160.5176	1339.482	919.4824	76	1
42	3	0	1.346709	580.5176	160.5176	1339.482	919.4824	7	1
43	1	1	0.8430689	580.5176	160.5176	1339.482	919.4824	24	1
44	2	0	0.7377626	580.5176	160.5176	1339.482	919.4824	59	1
45	1	0	2.244495	580.5176	160.5176	1339.482	919.4824	94	1
46	5	1	1.768541	580.5176	160.5176	1339.482	919.4824	36	1
47	6	0	3.580715	580.5176	160.5176	1339.482	919.4824	69	1
48	1	0	1.301805	580.5176	160.5176	1339.482	919.4824	48	1
49	4	0	1.012314	580.5176	160.5176	1339.482	919.4824	92	1
50	4	0	0.768936	580.5176	160.5176	1339.482	919.4824	90	1
51	3	0	0.9495783	580.5176	160.5176	1339.482	919.4824	39	1
52	2	0	2.438565	580.5176	160.5176	1339.482	919.4824	34	1
53	2	1	1.572115	580.5176	160.5176	1339.482	919.4824	49	1
54	3	0	1.096469	580.5176	160.5176	1339.482	919.4824	54	1
55	1	1	1.411066	580.5176	160.5176	1339.482	919.4824	71	1
56	2	1	1.185333	580.5176	160.5176	1339.482	919.4824	5	1
57	3	0	0.8738936	580.5176	160.5176	1339.482	919.4824	83	1
58	2	0	0.6246632	580.5176	160.5176	1339.482	919.4824	57	1
59	4	0	0.6655245	580.5176	160.5176	1339.482	919.4824	96	1
60	5	1	1.60227	580.5176	160.5176	1339.482	919.4824	38	1
61	5	0	2.41676	580.5176	160.5176	1339.482	919.4824	12	1
62	3	0	2.386669	580.5176	160.5176	1339.482	919.4824	6	1
63	6	0	2.058507	580.5176	160.5176	1339.482	919.4824	21	1
64	4	1	0.6526153	580.5176	160.5176	1339.482	919.4824	31	1
65	3	0	2.84129	580.5176	160.5176	1339.482	919.4824	8	1
66	6	0	0.871064	580.5176	160.5176	1339.482	919.4824	17	1
67	6	0	0.06361997	580.5176	160.5176	1339.482	919.4824	65	1
68	2	1	1.120986	580.5176	160.5176	1339.482	919.4824	50	1
69	1	1	0.7033953	580.5176	160.5176	1339.482	919.4824	68	1
70	6	0	1.490314	580.5176	160.5176	1339.482	919.4824	67	1
71	4	0	0.6545542	580.5176	160.5176	1339.482	919.4824	42	1
72	4	1	0.7692847	580.5176	160.5176	1339.482	919.4824	77	1
73	2	1	1.302143	580.5176	160.5176	1339.482	919.4824	4	1
74	3	1	0.5365708	580.5176	160.5176	1339.482	919.4824	16	1
75	4	1	0.5956039	580.5176	160.5176	1339.482	919.4824	28	1
76	2	1	1.562323	580.5176	160.5176	1339.482	919.4824	2	1
77	3	1	0.4727003	580.5176	160.5176	1339.482	919.4824	14	1
78	3	1	1.401638	580.5176	160.5176	1339.482	919.4824	63	1
79	3	1	2.992034	580.5176	160.5176	1339.482	919.4824	64	1
80	4	1	0.6555709	580.5176	160.5176	1339.482	919.4824	74	1
81	4	1	0.7543616	580.5176	160.5176	1339.482	919.4824	79	1
82	3	1	1.201184	580.5176	160.5176	1339.482	919.4824	62	1
83	6	1	1.815688	580.5176	160.5176	1339.482	919.4824	43	1
84	2	1	0.7619431	580.5176	160.5176	1339.482	919.4824	53	1
85	6	1	1.088787	580.5176	160.5176	1339.482	919.4824	91	1
86	5	0	2.485302	580.5176	160.5176	1339.482	919.4824	32	1
87	3	1	1.761107	580.5176	160.5176	1339.482	919.4824	11	1
88	3	1	1.135296	580.5176	160.5176	1339.482	919.4824	13	1
89	2	0	1.985881	580.5176	160.5176	1339.482	919.4824	10	1
90	4	0	1.138015	580.5176	160.5176	1339.482	919.4824	95	1
91	1	1	1.180584	580.5176	160.5176	1339.482	919.4824	23	1
92	2	1	0.7429808	580.5176	160.5176	1339.482	919.4824	1	1
93	1	1	1.009957	580.5176	160.5176	1339.482	919.4824	22	1
94	3	1	0.9585115	580.5176	160.5176	1339.482	919.4824	15	1
95	5	1	2.469322	580.5176	160.5176	1339.482	919.4824	85	1
96	4	1	0.5490039	580.5176	160.5176	1339.482	919.4824	26	1
1	4	1	1.217219	580.5176	160.5176	1339.482	919.4824	74	3
2	5	1	2.131528	580.5176	160.5176	1339.482	919.4824	85	3
3	5	1	0.805539	580.5176	160.5176	1339.482	919.4824	33	3
4	4	0	0.6102057	580.5176	160.5176	1339.482	919.4824	45	3
5	4	1	0.7350824	580.5176	160.5176	1339.482	919.4824	32	3
6	4	1	0.3380404	580.5176	160.5176	1339.482	919.4824	28	3
7	3	1	1.348852	580.5176	160.5176	1339.482	919.4824	59	3
8	4	1	0.2775322	580.5176	160.5176	1339.482	919.4824	76	3
9	2	1	0.9123866	580.5176	160.5176	1339.482	919.4824	49	3
10	6	0	2.215031	580.5176	160.5176	1339.482	919.4824	35	3
11	4	0	1.529037	580.5176	160.5176	1339.482	919.4824	47	3
12	3	0	0.9573982	580.5176	160.5176	1339.482	919.4824	8	3
13	2	0	0.8600302	580.5176	160.5176	1339.482	919.4824	57	3
14	3	1	0.8789398	580.5176	160.5176	1339.482	919.4824	62	3
15	1	0	0.9655646	580.5176	160.5176	1339.482	919.4824	89	3
16	5	1	0.3860969	580.5176	160.5176	1339.482	919.4824	81	3
17	1	1	1.531139	580.5176	160.5176	1339.482	919.4824	70	3
18	4	1	0.5435392	580.5176	160.5176	1339.482	919.4824	27	3
19	3	1	0.8723672	580.5176	160.5176	1339.482	919.4824	64	3
20	4	1	0.9130334	580.5176	160.5176	1339.482	919.4824	77	3
21	6	0	2.105896	580.5176	160.5176	1339.482	919.4824	23	3
22	2	0	1.345811	580.5176	160.5176	1339.482	919.4824	58	3
23	2	1	0.2662244	580.5176	160.5176	1339.482	919.4824	50	3
24	4	1	0.4273171	580.5176	160.5176	1339.482	919.4824	73	3
25	1	0	1.300145	580.5176	160.5176	1339.482	919.4824	96	3
26	4	0	0.782705	580.5176	160.5176	1339.482	919.4824	95	3
27	2	0	0.9776709	580.5176	160.5176	1339.482	919.4824	82	3
28	5	1	0.7082163	580.5176	160.5176	1339.482	919.4824	88	3
29	6	0	2.580801	580.5176	160.5176	1339.482	919.4824	17	3
30	5	0	1.822735	580.5176	160.5176	1339.482	919.4824	4	3
31	3	1	1.720896	580.5176	160.5176	1339.482	919.4824	63	3
32	4	0	0.8633196	580.5176	160.5176	1339.482	919.4824	90	3
33	5	1	1.202115	580.5176	160.5176	1339.482	919.4824	40	3
34	2	1	1.360606	580.5176	160.5176	1339.482	919.4824	54	3
35	4	1	0.4468206	580.5176	160.5176	1339.482	919.4824	75	3
36	1	1	0.4519381	580.5176	160.5176	1339.482	919.4824	68	3
37	3	0	0.8327612	580.5176	160.5176	1339.482	919.4824	83	3
38	4	0	2.313445	580.5176	160.5176	1339.482	919.4824	92	3
39	5	1	0.289506	580.5176	160.5176	1339.482	919.4824	38	3
40	3	1	0.5983659	580.5176	160.5176	1339.482	919.4824	11	3
41	2	0	1.349397	580.5176	160.5176	1339.482	919.4824	34	3
42	4	1	0.8216328	580.5176	160.5176	1339.482	919.4824	31	3
43	3	0	0.5524157	580.5176	160.5176	1339.482	919.4824	7	3
44	3	1	0.3453349	580.5176	160.5176	1339.482	919.4824	14	3
45	6	0	3.946509	580.5176	160.5176	1339.482	919.4824	65	3
46	4	1	0.489525	580.5176	160.5176	1339.482	919.4824	25	3
47	3	1	0.5904978	580.5176	160.5176	1339.482	919.4824	9	3
48	2	0	4.271056	580.5176	160.5176	1339.482	919.4824	16	3
49	2	1	2.603954	580.5176	160.5176	1339.482	919.4824	1	3
50	5	0	0.3856969	580.5176	160.5176	1339.482	919.4824	12	3
51	1	1	0.7066386	580.5176	160.5176	1339.482	919.4824	71	3
52	3	1	1.763501	580.5176	160.5176	1339.482	919.4824	15	3
53	4	1	0.4017313	580.5176	160.5176	1339.482	919.4824	26	3
54	2	1	1.384726	580.5176	160.5176	1339.482	919.4824	6	3
55	5	0	1.049042	580.5176	160.5176	1339.482	919.4824	52	3
56	4	0	0.9736408	580.5176	160.5176	1339.482	919.4824	42	3
57	6	0	3.128475	580.5176	160.5176	1339.482	919.4824	72	3
58	5	1	0.3878502	580.5176	160.5176	1339.482	919.4824	86	3
59	1	0	0.9968106	580.5176	160.5176	1339.482	919.4824	41	3
60	1	0	0.4354703	580.5176	160.5176	1339.482	919.4824	91	3
61	4	1	0.2904084	580.5176	160.5176	1339.482	919.4824	29	3
62	1	0	1.583438	580.5176	160.5176	1339.482	919.4824	48	3
63	3	0	0.7218913	580.5176	160.5176	1339.482	919.4824	56	3
64	1	1	7.808412	580.5176	160.5176	1339.482	919.4824	66	3
65	3	0	1.257517	580.5176	160.5176	1339.482	919.4824	37	3
66	6	1	1.641899	580.5176	160.5176	1339.482	919.4824	94	3
67	1	1	0.7601576	580.5176	160.5176	1339.482	919.4824	67	3
68	5	1	0.766954	580.5176	160.5176	1339.482	919.4824	39	3
69	6	1	0.6917118	580.5176	160.5176	1339.482	919.4824	43	3
70	3	0	1.256579	580.5176	160.5176	1339.482	919.4824	55	3
71	4	1	0.7710862	580.5176	160.5176	1339.482	919.4824	78	3
72	3	1	0.5037832	580.5176	160.5176	1339.482	919.4824	10	3
73	5	1	0.4168004	580.5176	160.5176	1339.482	919.4824	87	3
74	3	0	0.5556461	580.5176	160.5176	1339.482	919.4824	3	3
75	6	0	1.810542	580.5176	160.5176	1339.482	919.4824	69	3
76	6	1	0.7428237	580.5176	160.5176	1339.482	919.4824	46	3
77	5	1	0.4895788	580.5176	160.5176	1339.482	919.4824	36	3
78	5	1	0.5666625	580.5176	160.5176	1339.482	919.4824	84	3
79	2	1	1.555259	580.5176	160.5176	1339.482	919.4824	53	3
80	4	1	0.4176631	580.5176	160.5176	1339.482	919.4824	80	3
81	3	1	1.148646	580.5176	160.5176	1339.482	919.4824	13	3
82	6	0	2.605162	580.5176	160.5176	1339.482	919.4824	22	3
83	2	1	1.193084	580.5176	160.5176	1339.482	919.4824	2	3
84	1	1	1.313436	580.5176	160.5176	1339.482	919.4824	24	3
85	6	0	0.690205	580.5176	160.5176	1339.482	919.4824	21	3
86	3	0	0.9188286	580.5176	160.5176	1339.482	919.4824	19	3
87	1	1	0.8454817	580.5176	160.5176	1339.482	919.4824	18	3
88	3	1	4.546095	580.5176	160.5176	1339.482	919.4824	61	3
89	4	1	0.296802	580.5176	160.5176	1339.482	919.4824	79	3
90	6	1	0.7478331	580.5176	160.5176	1339.482	919.4824	93	3
91	3	0	0.9167819	580.5176	160.5176	1339.482	919.4824	44	3
92	2	1	0.3553526	580.5176	160.5176	1339.482	919.4824	51	3
93	5	0	0.3703402	580.5176	160.5176	1339.482	919.4824	60	3
94	1	1	1.023354	580.5176	160.5176	1339.482	919.4824	20	3
95	2	1	1.369963	580.5176	160.5176	1339.482	919.4824	5	3
96	4	1	0.1905671	580.5176	160.5176	1339.482	919.4824	30	3
