1	5	1	6.432744	580.5176	160.5176	1339.482	919.4824	34	2
2	6	0	3.104156	580.5176	160.5176	1339.482	919.4824	71	2
3	4	0	5.871615	580.5176	160.5176	1339.482	919.4824	91	2
4	5	0	2.885648	580.5176	160.5176	1339.482	919.4824	4	2
5	4	0	3.969089	580.5176	160.5176	1339.482	919.4824	85	2
6	3	1	1.284248	580.5176	160.5176	1339.482	919.4824	15	2
7	3	1	3.336623	580.5176	160.5176	1339.482	919.4824	64	2
8	2	1	0.7303557	580.5176	160.5176	1339.482	919.4824	3	2
9	4	1	1.126765	580.5176	160.5176	1339.482	919.4824	77	2
10	4	1	0.5074668	580.5176	160.5176	1339.482	919.4824	79	2
11	4	1	2.196272	580.5176	160.5176	1339.482	919.4824	76	2
12	5	1	3.686158	580.5176	160.5176	1339.482	919.4824	84	2
13	4	1	0.9853828	580.5176	160.5176	1339.482	919.4824	78	2
14	2	0	1.154024	580.5176	160.5176	1339.482	919.4824	57	2
15	2	1	4.024568	580.5176	160.5176	1339.482	919.4824	2	2
16	3	0	2.673542	580.5176	160.5176	1339.482	919.4824	6	2
17	5	0	4.449199	580.5176	160.5176	1339.482	919.4824	60	2
18	4	1	0.3400731	580.5176	160.5176	1339.482	919.4824	29	2
19	3	1	1.751072	580.5176	160.5176	1339.482	919.4824	62	2
20	2	0	3.911209	580.5176	160.5176	1339.482	919.4824	11	2
21	3	0	3.11819	580.5176	160.5176	1339.482	919.4824	8	2
22	2	0	3.803646	580.5176	160.5176	1339.482	919.4824	17	2
23	5	1	0.8167994	580.5176	160.5176	1339.482	919.4824	88	2
24	4	0	3.019501	580.5176	160.5176	1339.482	919.4824	36	2
25	4	0	2.20506	580.5176	160.5176	1339.482	919.4824	46	2
26	6	1	1.833125	580.5176	160.5176	1339.482	919.4824	96	2
27	4	0	0.6492255	580.5176	160.5176	1339.482	919.4824	42	2
28	3	1	1.718135	580.5176	160.5176	1339.482	919.4824	10	2
29	1	1	2.5243	580.5176	160.5176	1339.482	919.4824	72	2
30	5	1	0.8481113	580.5176	160.5176	1339.482	919.4824	33	2
31	3	1	4.052741	580.5176	160.5176	1339.482	919.4824	63	2
32	4	0	3.351679	580.5176	160.5176	1339.482	919.4824	55	2
33	5	0	4.487123	580.5176	160.5176	1339.482	919.4824	14	2
34	4	0	1.985846	580.5176	160.5176	1339.482	919.4824	37	2
35	4	0	1.153901	580.5176	160.5176	1339.482	919.4824	83	2
36	5	1	0.6884263	580.5176	160.5176	1339.482	919.4824	82	2
37	2	1	0.3093067	580.5176	160.5176	1339.482	919.4824	1	2
38	4	0	1.366274	580.5176	160.5176	1339.482	919.4824	44	2
39	4	0	0.818752	580.5176	160.5176	1339.482	919.4824	22	2
40	5	1	1.389514	580.5176	160.5176	1339.482	919.4824	38	2
41	4	1	0.4778014	580.5176	160.5176	1339.482	919.4824	32	2
42	4	0	1.212852	580.5176	160.5176	1339.482	919.4824	93	2
43	6	0	1.71337	580.5176	160.5176	1339.482	919.4824	67	2
44	4	0	0.9374966	580.5176	160.5176	1339.482	919.4824	70	2
45	5	1	0.716275	580.5176	160.5176	1339.482	919.4824	81	2
46	6	1	1.027041	580.5176	160.5176	1339.482	919.4824	95	2
47	4	0	2.275602	580.5176	160.5176	1339.482	919.4824	48	2
48	4	1	0.2336535	580.5176	160.5176	1339.482	919.4824	74	2
49	1	1	1.975372	580.5176	160.5176	1339.482	919.4824	68	2
50	3	1	0.777453	580.5176	160.5176	1339.482	919.4824	16	2
51	1	1	2.74021	580.5176	160.5176	1339.482	919.4824	24	2
52	4	1	0.1258997	580.5176	160.5176	1339.482	919.4824	30	2
53	5	0	3.41102	580.5176	160.5176	1339.482	919.4824	61	2
54	4	1	0.07835814	580.5176	160.5176	1339.482	919.4824	26	2
55	2	0	1.997454	580.5176	160.5176	1339.482	919.4824	59	2
56	4	0	1.051545	580.5176	160.5176	1339.482	919.4824	69	2
57	1	1	1.416149	580.5176	160.5176	1339.482	919.4824	18	2
58	5	1	0.4026996	580.5176	160.5176	1339.482	919.4824	40	2
59	6	1	1.865519	580.5176	160.5176	1339.482	919.4824	43	2
60	4	0	0.6576929	580.5176	160.5176	1339.482	919.4824	21	2
61	2	0	0.292547	580.5176	160.5176	1339.482	919.4824	9	2
62	4	1	0.3295573	580.5176	160.5176	1339.482	919.4824	75	2
63	4	1	2.242493	580.5176	160.5176	1339.482	919.4824	25	2
64	5	0	2.936585	580.5176	160.5176	1339.482	919.4824	13	2
65	4	0	1.482046	580.5176	160.5176	1339.482	919.4824	19	2
66	4	0	2.048468	580.5176	160.5176	1339.482	919.4824	92	2
67	4	0	1.836411	580.5176	160.5176	1339.482	919.4824	94	2
68	1	1	1.914691	580.5176	160.5176	1339.482	919.4824	66	2
69	2	0	0.8487949	580.5176	160.5176	1339.482	919.4824	89	2
70	6	1	0.7737607	580.5176	160.5176	1339.482	919.4824	47	2
71	5	0	2.11434	580.5176	160.5176	1339.482	919.4824	52	2
72	5	0	1.954431	580.5176	160.5176	1339.482	919.4824	5	2
73	5	1	2.008435	580.5176	160.5176	1339.482	919.4824	35	2
74	6	0	0.5085758	580.5176	160.5176	1339.482	919.4824	23	2
75	2	0	0.369529	580.5176	160.5176	1339.482	919.4824	65	2
76	5	1	1.070486	580.5176	160.5176	1339.482	919.4824	39	2
77	4	1	0.2229057	580.5176	160.5176	1339.482	919.4824	28	2
78	4	0	1.854109	580.5176	160.5176	1339.482	919.4824	7	2
79	3	1	0.7123039	580.5176	160.5176	1339.482	919.4824	58	2
80	2	1	0.2271986	580.5176	160.5176	1339.482	919.4824	49	2
81	5	0	1.404103	580.5176	160.5176	1339.482	919.4824	12	2
82	5	0	0.5045454	580.5176	160.5176	1339.482	919.4824	53	2
83	5	1	0.2256109	580.5176	160.5176	1339.482	919.4824	86	2
84	5	0	0.202663	580.5176	160.5176	1339.482	919.4824	54	2
85	2	0	2.449607	580.5176	160.5176	1339.482	919.4824	41	2
86	2	1	0.005563654	580.5176	160.5176	1339.482	919.4824	51	2
87	5	1	2.898598	580.5176	160.5176	1339.482	919.4824	87	2
88	4	0	1.14849	580.5176	160.5176	1339.482	919.4824	90	2
89	4	1	0.004851483	580.5176	160.5176	1339.482	919.4824	80	2
90	1	1	0.7459784	580.5176	160.5176	1339.482	919.4824	20	2
91	2	1	1.562792	580.5176	160.5176	1339.482	919.4824	50	2
92	5	0	0.953129	580.5176	160.5176	1339.482	919.4824	56	2
93	4	1	0.2900222	580.5176	160.5176	1339.482	919.4824	27	2
94	4	1	0.0001596539	580.5176	160.5176	1339.482	919.4824	31	2
95	4	1	1.958098	580.5176	160.5176	1339.482	919.4824	73	2
96	4	0	0.5561527	580.5176	160.5176	1339.482	919.4824	45	2
1	4	1	2.067174	580.5176	160.5176	1339.482	919.4824	29	1
2	4	1	0.3230472	580.5176	160.5176	1339.482	919.4824	30	1
3	4	1	0.8880347	580.5176	160.5176	1339.482	919.4824	77	1
4	2	1	4.812602	580.5176	160.5176	1339.482	919.4824	5	1
5	2	1	0.3993184	580.5176	160.5176	1339.482	919.4824	50	1
6	6	0	0.7502508	580.5176	160.5176	1339.482	919.4824	71	1
7	5	1	0.7729641	580.5176	160.5176	1339.482	919.4824	86	1
8	5	0	0.4797731	580.5176	160.5176	1339.482	919.4824	12	1
9	2	1	4.470583	580.5176	160.5176	1339.482	919.4824	56	1
10	3	0	3.557266	580.5176	160.5176	1339.482	919.4824	4	1
11	5	1	0.9786275	580.5176	160.5176	1339.482	919.4824	85	1
12	2	0	0.9552444	580.5176	160.5176	1339.482	919.4824	65	1
13	6	0	1.713879	580.5176	160.5176	1339.482	919.4824	21	1
14	4	0	1.584187	580.5176	160.5176	1339.482	919.4824	70	1
15	4	0	0.624441	580.5176	160.5176	1339.482	919.4824	44	1
16	4	1	0.1213666	580.5176	160.5176	1339.482	919.4824	75	1
17	4	0	1.104494	580.5176	160.5176	1339.482	919.4824	42	1
18	3	1	0.969105	580.5176	160.5176	1339.482	919.4824	16	1
19	6	0	3.757648	580.5176	160.5176	1339.482	919.4824	11	1
20	4	0	0.6189306	580.5176	160.5176	1339.482	919.4824	46	1
21	2	1	1.013737	580.5176	160.5176	1339.482	919.4824	1	1
22	3	1	1.056307	580.5176	160.5176	1339.482	919.4824	64	1
23	4	1	0.4029685	580.5176	160.5176	1339.482	919.4824	74	1
24	3	1	3.569854	580.5176	160.5176	1339.482	919.4824	14	1
25	1	1	1.509017	580.5176	160.5176	1339.482	919.4824	18	1
26	5	1	0.5414614	580.5176	160.5176	1339.482	919.4824	81	1
27	6	1	0.6722781	580.5176	160.5176	1339.482	919.4824	96	1
28	2	1	0.3053079	580.5176	160.5176	1339.482	919.4824	3	1
29	5	1	0.7941448	580.5176	160.5176	1339.482	919.4824	33	1
30	3	1	4.256845	580.5176	160.5176	1339.482	919.4824	62	1
31	5	1	1.137742	580.5176	160.5176	1339.482	919.4824	37	1
32	2	1	2.676417	580.5176	160.5176	1339.482	919.4824	54	1
33	3	1	1.513988	580.5176	160.5176	1339.482	919.4824	59	1
34	6	1	0.07248544	580.5176	160.5176	1339.482	919.4824	95	1
35	6	1	0.2095808	580.5176	160.5176	1339.482	919.4824	43	1
36	3	1	0.8707336	580.5176	160.5176	1339.482	919.4824	15	1
37	1	0	2.03945	580.5176	160.5176	1339.482	919.4824	35	1
38	1	0	0.3253995	580.5176	160.5176	1339.482	919.4824	83	1
39	4	1	0.5064904	580.5176	160.5176	1339.482	919.4824	80	1
40	6	0	0.4832371	580.5176	160.5176	1339.482	919.4824	23	1
41	5	1	0.3143503	580.5176	160.5176	1339.482	919.4824	40	1
42	4	0	2.91322	580.5176	160.5176	1339.482	919.4824	90	1
43	4	1	0.4808636	580.5176	160.5176	1339.482	919.4824	32	1
44	5	0	3.271777	580.5176	160.5176	1339.482	919.4824	6	1
45	6	0	0.8552335	580.5176	160.5176	1339.482	919.4824	19	1
46	2	1	0.7299152	580.5176	160.5176	1339.482	919.4824	2	1
47	4	1	1.472707	580.5176	160.5176	1339.482	919.4824	27	1
48	2	0	2.297118	580.5176	160.5176	1339.482	919.4824	57	1
49	1	1	2.001864	580.5176	160.5176	1339.482	919.4824	20	1
50	4	1	3.343837	580.5176	160.5176	1339.482	919.4824	31	1
51	5	1	0.265271	580.5176	160.5176	1339.482	919.4824	82	1
52	4	0	0.6103407	580.5176	160.5176	1339.482	919.4824	93	1
53	4	0	1.175128	580.5176	160.5176	1339.482	919.4824	92	1
54	5	1	2.585678	580.5176	160.5176	1339.482	919.4824	39	1
55	5	0	2.465504	580.5176	160.5176	1339.482	919.4824	66	1
56	3	1	1.041293	580.5176	160.5176	1339.482	919.4824	63	1
57	4	0	0.6079248	580.5176	160.5176	1339.482	919.4824	84	1
58	6	0	0.7408726	580.5176	160.5176	1339.482	919.4824	67	1
59	5	0	2.079579	580.5176	160.5176	1339.482	919.4824	10	1
60	4	0	4.341458	580.5176	160.5176	1339.482	919.4824	36	1
61	3	0	4.318483	580.5176	160.5176	1339.482	919.4824	7	1
62	1	1	1.147161	580.5176	160.5176	1339.482	919.4824	68	1
63	2	0	1.715924	580.5176	160.5176	1339.482	919.4824	17	1
64	5	0	1.538031	580.5176	160.5176	1339.482	919.4824	8	1
65	6	1	1.204305	580.5176	160.5176	1339.482	919.4824	89	1
66	4	1	0.5208438	580.5176	160.5176	1339.482	919.4824	73	1
67	6	0	3.879708	580.5176	160.5176	1339.482	919.4824	22	1
68	5	0	0.5089562	580.5176	160.5176	1339.482	919.4824	60	1
69	6	1	0.3417053	580.5176	160.5176	1339.482	919.4824	47	1
70	5	0	4.008772	580.5176	160.5176	1339.482	919.4824	58	1
71	3	0	0.3717439	580.5176	160.5176	1339.482	919.4824	48	1
72	6	1	1.296687	580.5176	160.5176	1339.482	919.4824	45	1
73	4	0	1.819237	580.5176	160.5176	1339.482	919.4824	72	1
74	5	1	0.9015143	580.5176	160.5176	1339.482	919.4824	34	1
75	4	1	0.464094	580.5176	160.5176	1339.482	919.4824	26	1
76	4	1	0.1610574	580.5176	160.5176	1339.482	919.4824	79	1
77	6	0	3.072096	580.5176	160.5176	1339.482	919.4824	69	1
78	4	1	0.471787	580.5176	160.5176	1339.482	919.4824	78	1
79	6	0	3.136549	580.5176	160.5176	1339.482	919.4824	24	1
80	6	1	1.961988	580.5176	160.5176	1339.482	919.4824	41	1
81	5	0	3.038252	580.5176	160.5176	1339.482	919.4824	52	1
82	5	1	0.003704541	580.5176	160.5176	1339.482	919.4824	88	1
83	4	1	0.01693814	580.5176	160.5176	1339.482	919.4824	28	1
84	5	0	1.515997	580.5176	160.5176	1339.482	919.4824	53	1
85	4	0	0.2723707	580.5176	160.5176	1339.482	919.4824	94	1
86	3	1	3.273461	580.5176	160.5176	1339.482	919.4824	61	1
87	4	1	1.496789	580.5176	160.5176	1339.482	919.4824	25	1
88	2	1	0.3792279	580.5176	160.5176	1339.482	919.4824	49	1
89	3	1	1.47831	580.5176	160.5176	1339.482	919.4824	13	1
90	5	1	3.300482	580.5176	160.5176	1339.482	919.4824	87	1
91	5	1	0.000145114	580.5176	160.5176	1339.482	919.4824	38	1
92	2	1	1.741046	580.5176	160.5176	1339.482	919.4824	55	1
93	6	1	0.6472341	580.5176	160.5176	1339.482	919.4824	91	1
94	2	1	0.2361661	580.5176	160.5176	1339.482	919.4824	51	1
95	4	1	0.4192951	580.5176	160.5176	1339.482	919.4824	76	1
96	2	0	1.446208	580.5176	160.5176	1339.482	919.4824	9	1
1	4	0	8.585964	580.5176	160.5176	1339.482	919.4824	85	3
2	2	1	0.6543099	580.5176	160.5176	1339.482	919.4824	51	3
3	6	1	0.8252129	580.5176	160.5176	1339.482	919.4824	43	3
4	2	0	0.6499836	580.5176	160.5176	1339.482	919.4824	57	3
5	1	0	1.398757	580.5176	160.5176	1339.482	919.4824	36	3
6	6	0	3.733101	580.5176	160.5176	1339.482	919.4824	70	3
7	3	1	0.6083644	580.5176	160.5176	1339.482	919.4824	15	3
8	4	0	0.3252558	580.5176	160.5176	1339.482	919.4824	46	3
9	5	0	1.842215	580.5176	160.5176	1339.482	919.4824	58	3
10	2	1	0.2883632	580.5176	160.5176	1339.482	919.4824	3	3
11	2	0	1.733418	580.5176	160.5176	1339.482	919.4824	17	3
12	4	1	0.2476529	580.5176	160.5176	1339.482	919.4824	73	3
13	6	1	0.5247168	580.5176	160.5176	1339.482	919.4824	91	3
14	4	0	0.4016294	580.5176	160.5176	1339.482	919.4824	44	3
15	6	0	0.2645517	580.5176	160.5176	1339.482	919.4824	71	3
16	4	0	0.6016541	580.5176	160.5176	1339.482	919.4824	42	3
17	4	1	0.1365209	580.5176	160.5176	1339.482	919.4824	28	3
18	6	1	0.2136124	580.5176	160.5176	1339.482	919.4824	95	3
19	6	0	0.1286172	580.5176	160.5176	1339.482	919.4824	67	3
20	5	0	0.8377594	580.5176	160.5176	1339.482	919.4824	53	3
21	5	1	0.004571234	580.5176	160.5176	1339.482	919.4824	82	3
22	2	1	3.433589	580.5176	160.5176	1339.482	919.4824	7	3
23	5	0	0.8570402	580.5176	160.5176	1339.482	919.4824	4	3
24	5	0	0.0001414078	580.5176	160.5176	1339.482	919.4824	56	3
25	3	1	0.642946	580.5176	160.5176	1339.482	919.4824	64	3
26	4	1	0.2578875	580.5176	160.5176	1339.482	919.4824	32	3
27	2	0	1.316809	580.5176	160.5176	1339.482	919.4824	89	3
28	6	1	1.89926	580.5176	160.5176	1339.482	919.4824	48	3
29	3	1	0.4533855	580.5176	160.5176	1339.482	919.4824	11	3
30	5	1	0.5303341	580.5176	160.5176	1339.482	919.4824	37	3
31	5	1	0.1673182	580.5176	160.5176	1339.482	919.4824	84	3
32	3	1	0.5884128	580.5176	160.5176	1339.482	919.4824	13	3
33	4	1	0.08531905	580.5176	160.5176	1339.482	919.4824	30	3
34	6	0	0.7563319	580.5176	160.5176	1339.482	919.4824	23	3
35	5	1	3.235137	580.5176	160.5176	1339.482	919.4824	35	3
36	4	1	0.04851512	580.5176	160.5176	1339.482	919.4824	80	3
37	5	1	0.4457988	580.5176	160.5176	1339.482	919.4824	81	3
38	4	1	1.130654	580.5176	160.5176	1339.482	919.4824	79	3
39	3	1	0.6472792	580.5176	160.5176	1339.482	919.4824	59	3
40	5	1	0.9320835	580.5176	160.5176	1339.482	919.4824	34	3
41	5	1	1.864734	580.5176	160.5176	1339.482	919.4824	88	3
42	5	0	2.544873	580.5176	160.5176	1339.482	919.4824	10	3
43	5	1	0.0001875934	580.5176	160.5176	1339.482	919.4824	38	3
44	5	0	0.000139127	580.5176	160.5176	1339.482	919.4824	54	3
45	5	0	0.04718058	580.5176	160.5176	1339.482	919.4824	5	3
46	4	0	0.772287	580.5176	160.5176	1339.482	919.4824	45	3
47	3	1	0.3049889	580.5176	160.5176	1339.482	919.4824	61	3
48	6	0	1.242053	580.5176	160.5176	1339.482	919.4824	19	3
49	5	0	4.379697	580.5176	160.5176	1339.482	919.4824	72	3
50	2	1	1.308567	580.5176	160.5176	1339.482	919.4824	2	3
51	1	1	0.5010273	580.5176	160.5176	1339.482	919.4824	18	3
52	4	1	0.3199285	580.5176	160.5176	1339.482	919.4824	75	3
53	5	1	0.2551692	580.5176	160.5176	1339.482	919.4824	40	3
54	4	1	0.1701175	580.5176	160.5176	1339.482	919.4824	76	3
55	2	1	0.2313633	580.5176	160.5176	1339.482	919.4824	1	3
56	4	0	0.1922145	580.5176	160.5176	1339.482	919.4824	92	3
57	4	0	0.6013336	580.5176	160.5176	1339.482	919.4824	90	3
58	1	1	0.4322168	580.5176	160.5176	1339.482	919.4824	20	3
59	2	1	0.5692341	580.5176	160.5176	1339.482	919.4824	49	3
60	4	0	1.830012	580.5176	160.5176	1339.482	919.4824	94	3
61	5	0	0.0001493904	580.5176	160.5176	1339.482	919.4824	60	3
62	5	1	0.9734564	580.5176	160.5176	1339.482	919.4824	86	3
63	4	0	1.594033	580.5176	160.5176	1339.482	919.4824	21	3
64	1	0	1.706211	580.5176	160.5176	1339.482	919.4824	83	3
65	5	1	1.154574	580.5176	160.5176	1339.482	919.4824	33	3
66	4	1	0.2252189	580.5176	160.5176	1339.482	919.4824	26	3
67	5	0	2.75413	580.5176	160.5176	1339.482	919.4824	8	3
68	3	1	1.417988	580.5176	160.5176	1339.482	919.4824	14	3
69	6	0	1.452281	580.5176	160.5176	1339.482	919.4824	22	3
70	1	1	0.5048094	580.5176	160.5176	1339.482	919.4824	68	3
71	4	0	0.6656579	580.5176	160.5176	1339.482	919.4824	93	3
72	5	1	0.4024362	580.5176	160.5176	1339.482	919.4824	87	3
73	2	0	0.2254362	580.5176	160.5176	1339.482	919.4824	65	3
74	2	1	2.074465	580.5176	160.5176	1339.482	919.4824	50	3
75	4	1	0.1926096	580.5176	160.5176	1339.482	919.4824	77	3
76	4	1	1.241546	580.5176	160.5176	1339.482	919.4824	31	3
77	4	1	0.2241615	580.5176	160.5176	1339.482	919.4824	74	3
78	3	1	1.209211	580.5176	160.5176	1339.482	919.4824	62	3
79	6	0	1.469727	580.5176	160.5176	1339.482	919.4824	69	3
80	2	1	1.806142	580.5176	160.5176	1339.482	919.4824	55	3
81	4	1	0.218471	580.5176	160.5176	1339.482	919.4824	78	3
82	3	1	0.8534026	580.5176	160.5176	1339.482	919.4824	16	3
83	4	1	0.5061557	580.5176	160.5176	1339.482	919.4824	25	3
84	6	1	1.803075	580.5176	160.5176	1339.482	919.4824	96	3
85	4	1	0.4012516	580.5176	160.5176	1339.482	919.4824	29	3
86	4	0	0.3922121	580.5176	160.5176	1339.482	919.4824	47	3
87	3	1	0.3772334	580.5176	160.5176	1339.482	919.4824	63	3
88	2	0	0.3242671	580.5176	160.5176	1339.482	919.4824	41	3
89	5	0	1.793186	580.5176	160.5176	1339.482	919.4824	6	3
90	4	1	0.1934609	580.5176	160.5176	1339.482	919.4824	27	3
91	1	1	1.840564	580.5176	160.5176	1339.482	919.4824	24	3
92	5	0	0.8606484	580.5176	160.5176	1339.482	919.4824	52	3
93	2	0	0.1193844	580.5176	160.5176	1339.482	919.4824	9	3
94	5	1	1.038559	580.5176	160.5176	1339.482	919.4824	39	3
95	5	0	0.2051989	580.5176	160.5176	1339.482	919.4824	12	3
96	1	1	3.31216	580.5176	160.5176	1339.482	919.4824	66	3
