1	4	0	2.507173	580.5176	160.5176	1339.482	919.4824	47	1
2	3	0	2.708635	580.5176	160.5176	1339.482	919.4824	4	1
3	2	1	0.2343285	580.5176	160.5176	1339.482	919.4824	51	1
4	3	0	0.1854076	580.5176	160.5176	1339.482	919.4824	35	1
5	5	1	1.146495	580.5176	160.5176	1339.482	919.4824	34	1
6	5	1	2.619208	580.5176	160.5176	1339.482	919.4824	82	1
7	6	0	0.2849327	580.5176	160.5176	1339.482	919.4824	67	1
8	4	1	0.873833	580.5176	160.5176	1339.482	919.4824	29	1
9	4	1	0.0001525261	580.5176	160.5176	1339.482	919.4824	75	1
10	2	0	0.4258414	580.5176	160.5176	1339.482	919.4824	59	1
11	6	0	0.6187658	580.5176	160.5176	1339.482	919.4824	21	1
12	5	1	0.9816216	580.5176	160.5176	1339.482	919.4824	83	1
13	4	1	0.0001887332	580.5176	160.5176	1339.482	919.4824	32	1
14	3	0	1.415517	580.5176	160.5176	1339.482	919.4824	36	1
15	2	1	0.2818311	580.5176	160.5176	1339.482	919.4824	49	1
16	4	1	0.01700281	580.5176	160.5176	1339.482	919.4824	78	1
17	1	1	0.7640864	580.5176	160.5176	1339.482	919.4824	68	1
18	6	0	0.5449491	580.5176	160.5176	1339.482	919.4824	63	1
19	4	0	0.04981787	580.5176	160.5176	1339.482	919.4824	95	1
20	4	1	1.726888	580.5176	160.5176	1339.482	919.4824	77	1
21	2	1	0.5311887	580.5176	160.5176	1339.482	919.4824	50	1
22	5	1	0.432018	580.5176	160.5176	1339.482	919.4824	85	1
23	2	0	0.321032	580.5176	160.5176	1339.482	919.4824	62	1
24	2	1	0.2160733	580.5176	160.5176	1339.482	919.4824	5	1
25	2	1	0.0001947202	580.5176	160.5176	1339.482	919.4824	56	1
26	2	1	1.29839	580.5176	160.5176	1339.482	919.4824	6	1
27	6	0	0.7727085	580.5176	160.5176	1339.482	919.4824	70	1
28	2	0	0.000173338	580.5176	160.5176	1339.482	919.4824	64	1
29	2	1	0.232931	580.5176	160.5176	1339.482	919.4824	54	1
30	4	1	0.0001471093	580.5176	160.5176	1339.482	919.4824	28	1
31	4	0	0.1908281	580.5176	160.5176	1339.482	919.4824	11	1
32	5	1	2.14405	580.5176	160.5176	1339.482	919.4824	37	1
33	6	1	0.0001950053	580.5176	160.5176	1339.482	919.4824	96	1
34	2	1	1.105187	580.5176	160.5176	1339.482	919.4824	7	1
35	6	0	0.6018374	580.5176	160.5176	1339.482	919.4824	18	1
36	2	0	0.1206698	580.5176	160.5176	1339.482	919.4824	14	1
37	4	1	0.0001436881	580.5176	160.5176	1339.482	919.4824	26	1
38	4	0	1.182963	580.5176	160.5176	1339.482	919.4824	39	1
39	4	1	3.481466	580.5176	160.5176	1339.482	919.4824	74	1
40	1	0	0.4388549	580.5176	160.5176	1339.482	919.4824	60	1
41	1	0	0.00013428	580.5176	160.5176	1339.482	919.4824	2	1
42	6	1	0.2928937	580.5176	160.5176	1339.482	919.4824	45	1
43	1	0	1.424026	580.5176	160.5176	1339.482	919.4824	58	1
44	6	0	0.8244462	580.5176	160.5176	1339.482	919.4824	69	1
45	5	1	0.2571555	580.5176	160.5176	1339.482	919.4824	33	1
46	1	1	2.532311	580.5176	160.5176	1339.482	919.4824	20	1
47	4	1	0.1280626	580.5176	160.5176	1339.482	919.4824	25	1
48	6	1	0.7171722	580.5176	160.5176	1339.482	919.4824	92	1
49	6	1	0.2327605	580.5176	160.5176	1339.482	919.4824	43	1
50	2	0	0.6098845	580.5176	160.5176	1339.482	919.4824	10	1
51	6	0	0.1188922	580.5176	160.5176	1339.482	919.4824	52	1
52	6	1	1.029788	580.5176	160.5176	1339.482	919.4824	91	1
53	1	1	1.302462	580.5176	160.5176	1339.482	919.4824	22	1
54	2	0	0.009062615	580.5176	160.5176	1339.482	919.4824	9	1
55	2	0	1.430158	580.5176	160.5176	1339.482	919.4824	61	1
56	6	1	0.2465585	580.5176	160.5176	1339.482	919.4824	41	1
57	2	0	0.02769588	580.5176	160.5176	1339.482	919.4824	57	1
58	6	1	0.4447501	580.5176	160.5176	1339.482	919.4824	44	1
59	2	1	1.025773	580.5176	160.5176	1339.482	919.4824	3	1
60	4	1	0.2903974	580.5176	160.5176	1339.482	919.4824	31	1
61	4	1	0.007626589	580.5176	160.5176	1339.482	919.4824	27	1
62	4	0	1.884638	580.5176	160.5176	1339.482	919.4824	23	1
63	2	1	0.4167124	580.5176	160.5176	1339.482	919.4824	53	1
64	6	0	0.4516967	580.5176	160.5176	1339.482	919.4824	17	1
65	4	1	0.9046416	580.5176	160.5176	1339.482	919.4824	76	1
66	5	1	0.1793866	580.5176	160.5176	1339.482	919.4824	40	1
67	5	1	1.422471	580.5176	160.5176	1339.482	919.4824	81	1
68	5	1	0.9529031	580.5176	160.5176	1339.482	919.4824	86	1
69	5	1	1.225472	580.5176	160.5176	1339.482	919.4824	84	1
70	6	1	0.7460438	580.5176	160.5176	1339.482	919.4824	46	1
71	3	0	1.330654	580.5176	160.5176	1339.482	919.4824	8	1
72	6	1	0.2391865	580.5176	160.5176	1339.482	919.4824	93	1
73	4	1	1.622285	580.5176	160.5176	1339.482	919.4824	79	1
74	6	0	1.208674	580.5176	160.5176	1339.482	919.4824	65	1
75	4	1	0.0001357054	580.5176	160.5176	1339.482	919.4824	80	1
76	4	0	2.876219	580.5176	160.5176	1339.482	919.4824	15	1
77	NaN	NaN	0.0001585131	580.5176	160.5176	1339.482	919.4824	94	1
78	NaN	NaN	0.753137	580.5176	160.5176	1339.482	919.4824	73	1
79	6	0	0.201932	580.5176	160.5176	1339.482	919.4824	24	1
80	4	0	0.1209942	580.5176	160.5176	1339.482	919.4824	90	1
81	NaN	NaN	1.104179	580.5176	160.5176	1339.482	919.4824	30	1
82	5	1	0.3366932	580.5176	160.5176	1339.482	919.4824	88	1
83	2	0	0.3876338	580.5176	160.5176	1339.482	919.4824	12	1
84	6	1	0.284665	580.5176	160.5176	1339.482	919.4824	42	1
85	NaN	NaN	1.001776	580.5176	160.5176	1339.482	919.4824	13	1
86	NaN	NaN	6.528208	580.5176	160.5176	1339.482	919.4824	71	1
87	NaN	NaN	0.0001448285	580.5176	160.5176	1339.482	919.4824	38	1
88	NaN	NaN	0.000143403	580.5176	160.5176	1339.482	919.4824	16	1
89	NaN	NaN	0.0001436881	580.5176	160.5176	1339.482	919.4824	89	1
90	NaN	NaN	0.5834712	580.5176	160.5176	1339.482	919.4824	66	1
91	3	0	0.2404173	580.5176	160.5176	1339.482	919.4824	1	1
92	2	1	0.6474675	580.5176	160.5176	1339.482	919.4824	55	1
93	6	0	0.1643364	580.5176	160.5176	1339.482	919.4824	72	1
94	6	0	0.8014153	580.5176	160.5176	1339.482	919.4824	19	1
95	5	1	0.544119	580.5176	160.5176	1339.482	919.4824	87	1
96	6	1	0.05692131	580.5176	160.5176	1339.482	919.4824	48	1
1	2	1	0.8004062	580.5176	160.5176	1339.482	919.4824	1	3
2	4	1	0.8868046	580.5176	160.5176	1339.482	919.4824	30	3
3	6	0	0.345603	580.5176	160.5176	1339.482	919.4824	24	3
4	2	0	0.0001411223	580.5176	160.5176	1339.482	919.4824	65	3
5	6	1	0.2338396	580.5176	160.5176	1339.482	919.4824	47	3
6	3	0	0.0001448285	580.5176	160.5176	1339.482	919.4824	19	3
7	4	0	2.215988	580.5176	160.5176	1339.482	919.4824	95	3
8	5	0	0.2581083	580.5176	160.5176	1339.482	919.4824	60	3
9	4	1	1.501076	580.5176	160.5176	1339.482	919.4824	27	3
10	4	1	0.0001388415	580.5176	160.5176	1339.482	919.4824	76	3
11	4	1	1.102783	580.5176	160.5176	1339.482	919.4824	74	3
12	4	1	0.7434124	580.5176	160.5176	1339.482	919.4824	78	3
13	4	0	0.8320363	580.5176	160.5176	1339.482	919.4824	21	3
14	6	0	0.6248762	580.5176	160.5176	1339.482	919.4824	13	3
15	5	1	0.2974874	580.5176	160.5176	1339.482	919.4824	38	3
16	4	0	1.348611	580.5176	160.5176	1339.482	919.4824	57	3
17	NaN	NaN	0.141037	580.5176	160.5176	1339.482	919.4824	53	3
18	2	0	1.728124	580.5176	160.5176	1339.482	919.4824	10	3
19	4	1	0.05060445	580.5176	160.5176	1339.482	919.4824	73	3
20	NaN	NaN	0.2076022	580.5176	160.5176	1339.482	919.4824	85	3
21	6	1	0.1966825	580.5176	160.5176	1339.482	919.4824	43	3
22	6	0	0.0001473944	580.5176	160.5176	1339.482	919.4824	63	3
23	2	0	0.3069477	580.5176	160.5176	1339.482	919.4824	62	3
24	6	0	2.343917	580.5176	160.5176	1339.482	919.4824	15	3
25	6	1	0.06588927	580.5176	160.5176	1339.482	919.4824	89	3
26	4	1	1.122924	580.5176	160.5176	1339.482	919.4824	29	3
27	6	1	1.913685	580.5176	160.5176	1339.482	919.4824	45	3
28	4	0	0.3377001	580.5176	160.5176	1339.482	919.4824	22	3
29	5	1	1.716661	580.5176	160.5176	1339.482	919.4824	40	3
30	4	0	2.858983	580.5176	160.5176	1339.482	919.4824	96	3
31	6	0	2.508553	580.5176	160.5176	1339.482	919.4824	23	3
32	2	0	1.844326	580.5176	160.5176	1339.482	919.4824	11	3
33	2	0	0.7765861	580.5176	160.5176	1339.482	919.4824	64	3
34	5	1	0.2113458	580.5176	160.5176	1339.482	919.4824	88	3
35	5	1	0.0001508155	580.5176	160.5176	1339.482	919.4824	33	3
36	NaN	NaN	0.7115986	580.5176	160.5176	1339.482	919.4824	37	3
37	2	0	0.0001804654	580.5176	160.5176	1339.482	919.4824	59	3
38	6	0	1.455622	580.5176	160.5176	1339.482	919.4824	16	3
39	6	0	0.3778946	580.5176	160.5176	1339.482	919.4824	18	3
40	3	0	0.9248329	580.5176	160.5176	1339.482	919.4824	69	3
41	6	1	1.06565	580.5176	160.5176	1339.482	919.4824	94	3
42	3	0	0.1862494	580.5176	160.5176	1339.482	919.4824	4	3
43	5	0	0.4592512	580.5176	160.5176	1339.482	919.4824	12	3
44	2	1	0.0001337098	580.5176	160.5176	1339.482	919.4824	3	3
45	2	0	0.0001625044	580.5176	160.5176	1339.482	919.4824	77	3
46	2	0	0.116813	580.5176	160.5176	1339.482	919.4824	9	3
47	2	1	2.267768	580.5176	160.5176	1339.482	919.4824	49	3
48	4	1	0.1077544	580.5176	160.5176	1339.482	919.4824	28	3
49	6	1	1.244911	580.5176	160.5176	1339.482	919.4824	91	3
50	6	1	0.0001351353	580.5176	160.5176	1339.482	919.4824	41	3
51	4	1	0.5526798	580.5176	160.5176	1339.482	919.4824	25	3
52	6	0	0.249582	580.5176	160.5176	1339.482	919.4824	20	3
53	6	1	0.3105094	580.5176	160.5176	1339.482	919.4824	93	3
54	2	1	0.1279186	580.5176	160.5176	1339.482	919.4824	51	3
55	4	0	0.3247842	580.5176	160.5176	1339.482	919.4824	84	3
56	6	1	0.4017668	580.5176	160.5176	1339.482	919.4824	92	3
57	1	1	0.2887498	580.5176	160.5176	1339.482	919.4824	68	3
58	6	0	0.0001468242	580.5176	160.5176	1339.482	919.4824	71	3
59	NaN	NaN	0.3409462	580.5176	160.5176	1339.482	919.4824	83	3
60	5	1	0.4080665	580.5176	160.5176	1339.482	919.4824	86	3
61	4	1	0.0001573727	580.5176	160.5176	1339.482	919.4824	75	3
62	6	1	0.07613218	580.5176	160.5176	1339.482	919.4824	48	3
63	6	0	0.0001468242	580.5176	160.5176	1339.482	919.4824	72	3
64	4	1	0.130493	580.5176	160.5176	1339.482	919.4824	31	3
65	6	0	0.0001345651	580.5176	160.5176	1339.482	919.4824	70	3
66	4	1	0.0002314975	580.5176	160.5176	1339.482	919.4824	32	3
67	4	1	1.453966	580.5176	160.5176	1339.482	919.4824	26	3
68	5	1	0.176388	580.5176	160.5176	1339.482	919.4824	34	3
69	2	1	0.0002306422	580.5176	160.5176	1339.482	919.4824	2	3
70	4	0	1.538744	580.5176	160.5176	1339.482	919.4824	7	3
71	6	0	0.7170627	580.5176	160.5176	1339.482	919.4824	67	3
72	2	0	0.0001650703	580.5176	160.5176	1339.482	919.4824	58	3
73	6	1	0.05899338	580.5176	160.5176	1339.482	919.4824	90	3
74	5	1	0.1262066	580.5176	160.5176	1339.482	919.4824	81	3
75	4	0	0.09938656	580.5176	160.5176	1339.482	919.4824	46	3
76	5	0	0.750406	580.5176	160.5176	1339.482	919.4824	17	3
77	5	0	0.5432377	580.5176	160.5176	1339.482	919.4824	54	3
78	4	1	2.744068	580.5176	160.5176	1339.482	919.4824	80	3
79	4	1	1.273755	580.5176	160.5176	1339.482	919.4824	79	3
80	2	1	0.05025292	580.5176	160.5176	1339.482	919.4824	50	3
81	NaN	NaN	0.07149082	580.5176	160.5176	1339.482	919.4824	5	3
82	2	1	0.0001425477	580.5176	160.5176	1339.482	919.4824	55	3
83	NaN	NaN	0.0001636448	580.5176	160.5176	1339.482	919.4824	66	3
84	3	0	0.0001411223	580.5176	160.5176	1339.482	919.4824	35	3
85	6	0	0.3882362	580.5176	160.5176	1339.482	919.4824	61	3
86	6	0	0.0001405521	580.5176	160.5176	1339.482	919.4824	6	3
87	4	0	0.7464543	580.5176	160.5176	1339.482	919.4824	39	3
88	NaN	NaN	1.907127	580.5176	160.5176	1339.482	919.4824	8	3
89	NaN	NaN	1.211326	580.5176	160.5176	1339.482	919.4824	82	3
90	6	1	0.4317945	580.5176	160.5176	1339.482	919.4824	42	3
91	3	0	0.3287641	580.5176	160.5176	1339.482	919.4824	87	3
92	4	0	1.109839	580.5176	160.5176	1339.482	919.4824	52	3
93	4	0	0.0001473944	580.5176	160.5176	1339.482	919.4824	44	3
94	4	0	0.0001425477	580.5176	160.5176	1339.482	919.4824	36	3
95	4	0	1.122772	580.5176	160.5176	1339.482	919.4824	56	3
96	NaN	NaN	0.09734841	580.5176	160.5176	1339.482	919.4824	14	3
1	NaN	NaN	1.051236	580.5176	160.5176	1339.482	919.4824	95	2
2	4	1	0.3736798	580.5176	160.5176	1339.482	919.4824	76	2
3	4	1	0.6165212	580.5176	160.5176	1339.482	919.4824	31	2
4	4	1	0.05952508	580.5176	160.5176	1339.482	919.4824	25	2
5	6	1	1.054742	580.5176	160.5176	1339.482	919.4824	89	2
6	1	1	0.2572599	580.5176	160.5176	1339.482	919.4824	20	2
7	1	1	0.07647857	580.5176	160.5176	1339.482	919.4824	18	2
8	6	0	0.06744133	580.5176	160.5176	1339.482	919.4824	72	2
9	5	0	1.620566	580.5176	160.5176	1339.482	919.4824	70	2
10	3	1	0.8868881	580.5176	160.5176	1339.482	919.4824	61	2
11	3	0	1.307453	580.5176	160.5176	1339.482	919.4824	55	2
12	3	0	0.6921206	580.5176	160.5176	1339.482	919.4824	29	2
13	4	0	1.240926	580.5176	160.5176	1339.482	919.4824	24	2
14	6	0	0.2873953	580.5176	160.5176	1339.482	919.4824	13	2
15	4	1	0.0001465391	580.5176	160.5176	1339.482	919.4824	32	2
16	4	0	0.6596525	580.5176	160.5176	1339.482	919.4824	47	2
17	4	1	0.4383668	580.5176	160.5176	1339.482	919.4824	78	2
18	4	0	0.229438	580.5176	160.5176	1339.482	919.4824	54	2
19	4	0	0.3345695	580.5176	160.5176	1339.482	919.4824	56	2
20	4	0	11.48121	580.5176	160.5176	1339.482	919.4824	35	2
21	6	1	0.2342256	580.5176	160.5176	1339.482	919.4824	93	2
22	6	1	1.025461	580.5176	160.5176	1339.482	919.4824	48	2
23	1	1	0.5139567	580.5176	160.5176	1339.482	919.4824	68	2
24	3	0	0.5610493	580.5176	160.5176	1339.482	919.4824	8	2
25	6	0	0.05574842	580.5176	160.5176	1339.482	919.4824	84	2
26	2	0	0.01093655	580.5176	160.5176	1339.482	919.4824	10	2
27	6	1	0.0001439732	580.5176	160.5176	1339.482	919.4824	96	2
28	2	0	0.000179325	580.5176	160.5176	1339.482	919.4824	44	2
29	6	0	0.3585198	580.5176	160.5176	1339.482	919.4824	23	2
30	2	0	0.1336488	580.5176	160.5176	1339.482	919.4824	80	2
31	4	1	0.9767522	580.5176	160.5176	1339.482	919.4824	79	2
32	5	1	0.267403	580.5176	160.5176	1339.482	919.4824	38	2
33	3	0	1.300317	580.5176	160.5176	1339.482	919.4824	83	2
34	6	1	0.2948352	580.5176	160.5176	1339.482	919.4824	90	2
35	2	0	0.0001836015	580.5176	160.5176	1339.482	919.4824	9	2
36	2	0	0.1132242	580.5176	160.5176	1339.482	919.4824	75	2
37	5	1	0.2481804	580.5176	160.5176	1339.482	919.4824	40	2
38	4	1	0.6372035	580.5176	160.5176	1339.482	919.4824	73	2
39	5	0	0.2599977	580.5176	160.5176	1339.482	919.4824	52	2
40	2	0	0.02311982	580.5176	160.5176	1339.482	919.4824	14	2
41	2	1	1.058175	580.5176	160.5176	1339.482	919.4824	3	2
42	2	1	1.212835	580.5176	160.5176	1339.482	919.4824	51	2
43	4	0	2.329335	580.5176	160.5176	1339.482	919.4824	16	2
44	6	1	0.06758929	580.5176	160.5176	1339.482	919.4824	94	2
45	2	1	0.1865736	580.5176	160.5176	1339.482	919.4824	7	2
46	2	0	0.0001593684	580.5176	160.5176	1339.482	919.4824	11	2
47	5	1	0.1307262	580.5176	160.5176	1339.482	919.4824	86	2
48	2	1	0.0001382713	580.5176	160.5176	1339.482	919.4824	5	2
49	4	1	1.198827	580.5176	160.5176	1339.482	919.4824	27	2
50	5	0	0.4933072	580.5176	160.5176	1339.482	919.4824	50	2
51	NaN	NaN	7.06609	580.5176	160.5176	1339.482	919.4824	46	2
52	5	1	0.2975558	580.5176	160.5176	1339.482	919.4824	88	2
53	NaN	NaN	7.08438	580.5176	160.5176	1339.482	919.4824	74	2
54	5	1	0.7437705	580.5176	160.5176	1339.482	919.4824	87	2
55	1	0	0.6466399	580.5176	160.5176	1339.482	919.4824	36	2
56	6	1	0.01138899	580.5176	160.5176	1339.482	919.4824	41	2
57	4	0	0.0001379862	580.5176	160.5176	1339.482	919.4824	42	2
58	NaN	NaN	0.9437031	580.5176	160.5176	1339.482	919.4824	53	2
59	2	0	0.2242165	580.5176	160.5176	1339.482	919.4824	59	2
60	5	0	1.273698	580.5176	160.5176	1339.482	919.4824	6	2
61	2	0	0.1864653	580.5176	160.5176	1339.482	919.4824	58	2
62	5	0	0.3951301	580.5176	160.5176	1339.482	919.4824	17	2
63	5	1	0.03413248	580.5176	160.5176	1339.482	919.4824	33	2
64	2	0	0.0654545	580.5176	160.5176	1339.482	919.4824	64	2
65	5	0	0.2504102	580.5176	160.5176	1339.482	919.4824	4	2
66	4	1	0.0001422626	580.5176	160.5176	1339.482	919.4824	30	2
67	5	0	0.3345783	580.5176	160.5176	1339.482	919.4824	67	2
68	2	0	0.4736659	580.5176	160.5176	1339.482	919.4824	60	2
69	6	0	0.3685321	580.5176	160.5176	1339.482	919.4824	65	2
70	6	0	2.189417	580.5176	160.5176	1339.482	919.4824	19	2
71	4	0	0.9255316	580.5176	160.5176	1339.482	919.4824	22	2
72	6	0	0.1223801	580.5176	160.5176	1339.482	919.4824	57	2
73	NaN	NaN	1.129394	580.5176	160.5176	1339.482	919.4824	62	2
74	1	1	0.0001756188	580.5176	160.5176	1339.482	919.4824	21	2
75	NaN	NaN	1.429062	580.5176	160.5176	1339.482	919.4824	82	2
76	NaN	NaN	0.4535071	580.5176	160.5176	1339.482	919.4824	92	2
77	NaN	NaN	0.4904839	580.5176	160.5176	1339.482	919.4824	37	2
78	NaN	NaN	4.591417	580.5176	160.5176	1339.482	919.4824	26	2
79	NaN	NaN	3.653967	580.5176	160.5176	1339.482	919.4824	39	2
80	5	0	0.09729538	580.5176	160.5176	1339.482	919.4824	69	2
81	6	0	0.0001328545	580.5176	160.5176	1339.482	919.4824	15	2
82	3	0	0.5795694	580.5176	160.5176	1339.482	919.4824	71	2
83	2	1	0.0001548068	580.5176	160.5176	1339.482	919.4824	49	2
84	5	1	0.1497644	580.5176	160.5176	1339.482	919.4824	34	2
85	6	0	0.5588065	580.5176	160.5176	1339.482	919.4824	1	2
86	5	1	0.2935925	580.5176	160.5176	1339.482	919.4824	81	2
87	6	1	0.1447227	580.5176	160.5176	1339.482	919.4824	43	2
88	4	1	2.425702	580.5176	160.5176	1339.482	919.4824	28	2
89	4	1	0.5936814	580.5176	160.5176	1339.482	919.4824	77	2
90	4	0	0.2325581	580.5176	160.5176	1339.482	919.4824	63	2
91	4	0	0.2577423	580.5176	160.5176	1339.482	919.4824	45	2
92	NaN	NaN	6.804466	580.5176	160.5176	1339.482	919.4824	91	2
93	3	0	0.4160723	580.5176	160.5176	1339.482	919.4824	85	2
94	1	1	0.1949697	580.5176	160.5176	1339.482	919.4824	66	2
95	2	1	0.3620883	580.5176	160.5176	1339.482	919.4824	2	2
96	5	0	0.0001359905	580.5176	160.5176	1339.482	919.4824	12	2
