1	5	1	4.129876	580.5176	160.5176	1339.482	919.4824	88	2
2	4	1	1.168624	580.5176	160.5176	1339.482	919.4824	79	2
3	1	1	1.163077	580.5176	160.5176	1339.482	919.4824	24	2
4	2	1	0.8795845	580.5176	160.5176	1339.482	919.4824	50	2
5	4	0	0.8622838	580.5176	160.5176	1339.482	919.4824	95	2
6	4	1	0.63909	580.5176	160.5176	1339.482	919.4824	30	2
7	5	1	1.045887	580.5176	160.5176	1339.482	919.4824	33	2
8	3	1	1.130677	580.5176	160.5176	1339.482	919.4824	57	2
9	5	1	1.46351	580.5176	160.5176	1339.482	919.4824	86	2
10	5	0	1.257575	580.5176	160.5176	1339.482	919.4824	8	2
11	1	0	0.3878852	580.5176	160.5176	1339.482	919.4824	36	2
12	4	0	0.7809016	580.5176	160.5176	1339.482	919.4824	47	2
13	4	1	0.4877268	580.5176	160.5176	1339.482	919.4824	31	2
14	5	1	0.6925642	580.5176	160.5176	1339.482	919.4824	83	2
15	3	1	0.5776316	580.5176	160.5176	1339.482	919.4824	59	2
16	2	1	1.25227	580.5176	160.5176	1339.482	919.4824	5	2
17	5	0	1.072807	580.5176	160.5176	1339.482	919.4824	56	2
18	5	1	0.5534567	580.5176	160.5176	1339.482	919.4824	38	2
19	4	0	0.5463484	580.5176	160.5176	1339.482	919.4824	93	2
20	6	1	0.395351	580.5176	160.5176	1339.482	919.4824	96	2
21	5	1	0.6661735	580.5176	160.5176	1339.482	919.4824	87	2
22	1	0	0.7751153	580.5176	160.5176	1339.482	919.4824	7	2
23	4	0	0.5056487	580.5176	160.5176	1339.482	919.4824	44	2
24	2	1	3.970662	580.5176	160.5176	1339.482	919.4824	4	2
25	4	1	1.933617	580.5176	160.5176	1339.482	919.4824	29	2
26	5	1	0.6258173	580.5176	160.5176	1339.482	919.4824	40	2
27	3	1	1.906536	580.5176	160.5176	1339.482	919.4824	64	2
28	6	0	0.5547154	580.5176	160.5176	1339.482	919.4824	63	2
29	4	0	4.809484	580.5176	160.5176	1339.482	919.4824	55	2
30	5	1	1.682177	580.5176	160.5176	1339.482	919.4824	82	2
31	4	1	0.3364471	580.5176	160.5176	1339.482	919.4824	78	2
32	1	1	1.635313	580.5176	160.5176	1339.482	919.4824	68	2
33	2	1	0.7937083	580.5176	160.5176	1339.482	919.4824	49	2
34	4	1	0.0166835	580.5176	160.5176	1339.482	919.4824	77	2
35	4	1	0.01173424	580.5176	160.5176	1339.482	919.4824	25	2
36	5	0	1.240739	580.5176	160.5176	1339.482	919.4824	60	2
37	5	0	0.2232962	580.5176	160.5176	1339.482	919.4824	52	2
38	4	0	1.704345	580.5176	160.5176	1339.482	919.4824	46	2
39	5	1	2.296643	580.5176	160.5176	1339.482	919.4824	85	2
40	4	1	0.3625416	580.5176	160.5176	1339.482	919.4824	28	2
41	4	1	0.0001716275	580.5176	160.5176	1339.482	919.4824	80	2
42	4	0	0.3929964	580.5176	160.5176	1339.482	919.4824	90	2
43	5	0	0.8417204	580.5176	160.5176	1339.482	919.4824	53	2
44	3	1	1.47251	580.5176	160.5176	1339.482	919.4824	16	2
45	3	1	3.584883	580.5176	160.5176	1339.482	919.4824	14	2
46	6	0	0.09020592	580.5176	160.5176	1339.482	919.4824	21	2
47	2	1	0.03933918	580.5176	160.5176	1339.482	919.4824	3	2
48	4	1	1.222316	580.5176	160.5176	1339.482	919.4824	27	2
49	5	0	1.168384	580.5176	160.5176	1339.482	919.4824	58	2
50	5	0	1.828835	580.5176	160.5176	1339.482	919.4824	62	2
51	6	0	0.005115183	580.5176	160.5176	1339.482	919.4824	67	2
52	1	1	0.8982446	580.5176	160.5176	1339.482	919.4824	71	2
53	5	1	1.116886	580.5176	160.5176	1339.482	919.4824	39	2
54	6	1	0.4115379	580.5176	160.5176	1339.482	919.4824	91	2
55	6	0	3.624419	580.5176	160.5176	1339.482	919.4824	69	2
56	4	1	0.001759324	580.5176	160.5176	1339.482	919.4824	32	2
57	6	0	0.2568576	580.5176	160.5176	1339.482	919.4824	23	2
58	5	0	0.4419872	580.5176	160.5176	1339.482	919.4824	12	2
59	6	0	3.504842	580.5176	160.5176	1339.482	919.4824	70	2
60	2	1	0.1780624	580.5176	160.5176	1339.482	919.4824	51	2
61	6	0	0.2212384	580.5176	160.5176	1339.482	919.4824	19	2
62	2	1	0.1764476	580.5176	160.5176	1339.482	919.4824	1	2
63	2	0	2.747415	580.5176	160.5176	1339.482	919.4824	9	2
64	5	0	1.553049	580.5176	160.5176	1339.482	919.4824	13	2
65	1	1	3.007618	580.5176	160.5176	1339.482	919.4824	72	2
66	1	1	3.288895	580.5176	160.5176	1339.482	919.4824	18	2
67	2	1	1.38615	580.5176	160.5176	1339.482	919.4824	6	2
68	5	1	0.9626402	580.5176	160.5176	1339.482	919.4824	37	2
69	5	1	0.01731841	580.5176	160.5176	1339.482	919.4824	81	2
70	3	1	2.812506	580.5176	160.5176	1339.482	919.4824	15	2
71	2	1	0.4722056	580.5176	160.5176	1339.482	919.4824	54	2
72	5	1	0.2410964	580.5176	160.5176	1339.482	919.4824	34	2
73	6	1	0.3361546	580.5176	160.5176	1339.482	919.4824	43	2
74	1	1	2.795156	580.5176	160.5176	1339.482	919.4824	17	2
75	1	1	0.08088586	580.5176	160.5176	1339.482	919.4824	65	2
76	1	1	0.6881324	580.5176	160.5176	1339.482	919.4824	20	2
77	4	0	0.000202988	580.5176	160.5176	1339.482	919.4824	42	2
78	5	0	0.2760297	580.5176	160.5176	1339.482	919.4824	10	2
79	6	1	1.002978	580.5176	160.5176	1339.482	919.4824	41	2
80	6	1	0.2336828	580.5176	160.5176	1339.482	919.4824	94	2
81	1	0	0.9767573	580.5176	160.5176	1339.482	919.4824	35	2
82	4	1	0.3153966	580.5176	160.5176	1339.482	919.4824	74	2
83	1	0	1.322343	580.5176	160.5176	1339.482	919.4824	92	2
84	6	1	0.2169001	580.5176	160.5176	1339.482	919.4824	89	2
85	6	1	1.195905	580.5176	160.5176	1339.482	919.4824	45	2
86	4	1	0.0001471093	580.5176	160.5176	1339.482	919.4824	73	2
87	5	0	0.4257613	580.5176	160.5176	1339.482	919.4824	61	2
88	4	1	1.922495	580.5176	160.5176	1339.482	919.4824	75	2
89	1	1	1.528783	580.5176	160.5176	1339.482	919.4824	66	2
90	1	0	0.5413481	580.5176	160.5176	1339.482	919.4824	84	2
91	1	1	0.7796392	580.5176	160.5176	1339.482	919.4824	22	2
92	2	1	0.1427827	580.5176	160.5176	1339.482	919.4824	2	2
93	6	1	0.1780028	580.5176	160.5176	1339.482	919.4824	48	2
94	4	1	0.1730062	580.5176	160.5176	1339.482	919.4824	26	2
95	4	1	0.3440227	580.5176	160.5176	1339.482	919.4824	76	2
96	3	1	0.7051486	580.5176	160.5176	1339.482	919.4824	11	2
1	4	1	1.464866	580.5176	160.5176	1339.482	919.4824	28	1
2	6	1	1.104954	580.5176	160.5176	1339.482	919.4824	41	1
3	5	1	0.7856849	580.5176	160.5176	1339.482	919.4824	82	1
4	6	1	0.9064214	580.5176	160.5176	1339.482	919.4824	91	1
5	4	1	0.3470986	580.5176	160.5176	1339.482	919.4824	25	1
6	3	1	0.2441002	580.5176	160.5176	1339.482	919.4824	11	1
7	2	1	0.8092255	580.5176	160.5176	1339.482	919.4824	50	1
8	3	1	0.8459062	580.5176	160.5176	1339.482	919.4824	63	1
9	4	1	0.6346539	580.5176	160.5176	1339.482	919.4824	73	1
10	3	1	0.6015406	580.5176	160.5176	1339.482	919.4824	62	1
11	4	1	0.2163347	580.5176	160.5176	1339.482	919.4824	75	1
12	4	0	1.259283	580.5176	160.5176	1339.482	919.4824	47	1
13	2	1	0.7079037	580.5176	160.5176	1339.482	919.4824	5	1
14	6	1	0.2846436	580.5176	160.5176	1339.482	919.4824	89	1
15	6	1	1.033719	580.5176	160.5176	1339.482	919.4824	94	1
16	2	1	0.856502	580.5176	160.5176	1339.482	919.4824	53	1
17	4	1	0.6590908	580.5176	160.5176	1339.482	919.4824	31	1
18	1	0	1.109786	580.5176	160.5176	1339.482	919.4824	36	1
19	5	1	1.550596	580.5176	160.5176	1339.482	919.4824	86	1
20	6	0	0.8307727	580.5176	160.5176	1339.482	919.4824	21	1
21	5	1	0.8075312	580.5176	160.5176	1339.482	919.4824	37	1
22	1	1	0.9722055	580.5176	160.5176	1339.482	919.4824	24	1
23	4	1	0.7689441	580.5176	160.5176	1339.482	919.4824	32	1
24	3	1	0.8057029	580.5176	160.5176	1339.482	919.4824	57	1
25	2	1	0.6984899	580.5176	160.5176	1339.482	919.4824	3	1
26	1	0	1.965396	580.5176	160.5176	1339.482	919.4824	13	1
27	1	0	2.385451	580.5176	160.5176	1339.482	919.4824	55	1
28	3	1	1.001187	580.5176	160.5176	1339.482	919.4824	15	1
29	2	1	0.9040226	580.5176	160.5176	1339.482	919.4824	7	1
30	5	1	0.9366663	580.5176	160.5176	1339.482	919.4824	34	1
31	1	1	1.275387	580.5176	160.5176	1339.482	919.4824	65	1
32	5	1	1.009737	580.5176	160.5176	1339.482	919.4824	81	1
33	6	0	1.726324	580.5176	160.5176	1339.482	919.4824	71	1
34	5	0	1.35453	580.5176	160.5176	1339.482	919.4824	52	1
35	2	1	1.16101	580.5176	160.5176	1339.482	919.4824	49	1
36	5	1	1.543562	580.5176	160.5176	1339.482	919.4824	39	1
37	3	1	0.8659068	580.5176	160.5176	1339.482	919.4824	64	1
38	4	1	0.6506238	580.5176	160.5176	1339.482	919.4824	77	1
39	1	1	1.543458	580.5176	160.5176	1339.482	919.4824	70	1
40	6	1	0.7536618	580.5176	160.5176	1339.482	919.4824	92	1
41	1	1	1.056542	580.5176	160.5176	1339.482	919.4824	18	1
42	4	1	0.9071692	580.5176	160.5176	1339.482	919.4824	27	1
43	2	1	2.259798	580.5176	160.5176	1339.482	919.4824	2	1
44	4	0	0.6939013	580.5176	160.5176	1339.482	919.4824	95	1
45	2	1	2.720616	580.5176	160.5176	1339.482	919.4824	54	1
46	2	1	0.3824593	580.5176	160.5176	1339.482	919.4824	51	1
47	1	0	1.12137	580.5176	160.5176	1339.482	919.4824	83	1
48	6	1	0.3279219	580.5176	160.5176	1339.482	919.4824	45	1
49	6	1	0.8349987	580.5176	160.5176	1339.482	919.4824	44	1
50	5	0	2.025677	580.5176	160.5176	1339.482	919.4824	4	1
51	6	1	0.6957387	580.5176	160.5176	1339.482	919.4824	43	1
52	4	1	0.3944726	580.5176	160.5176	1339.482	919.4824	79	1
53	5	1	0.777532	580.5176	160.5176	1339.482	919.4824	85	1
54	5	0	0.5322627	580.5176	160.5176	1339.482	919.4824	60	1
55	4	1	0.0001664958	580.5176	160.5176	1339.482	919.4824	30	1
56	6	0	0.4625212	580.5176	160.5176	1339.482	919.4824	67	1
57	3	1	0.415341	580.5176	160.5176	1339.482	919.4824	16	1
58	4	1	0.5623759	580.5176	160.5176	1339.482	919.4824	76	1
59	1	1	2.433105	580.5176	160.5176	1339.482	919.4824	68	1
60	1	1	1.617004	580.5176	160.5176	1339.482	919.4824	66	1
61	4	1	1.315192	580.5176	160.5176	1339.482	919.4824	26	1
62	1	0	1.777772	580.5176	160.5176	1339.482	919.4824	84	1
63	1	1	0.05190163	580.5176	160.5176	1339.482	919.4824	20	1
64	5	0	0.8730801	580.5176	160.5176	1339.482	919.4824	10	1
65	6	1	0.1939333	580.5176	160.5176	1339.482	919.4824	48	1
66	6	0	0.0001573727	580.5176	160.5176	1339.482	919.4824	19	1
67	2	1	1.85612	580.5176	160.5176	1339.482	919.4824	56	1
68	5	0	0.954239	580.5176	160.5176	1339.482	919.4824	58	1
69	4	0	0.1289307	580.5176	160.5176	1339.482	919.4824	42	1
70	5	1	0.4381404	580.5176	160.5176	1339.482	919.4824	38	1
71	5	1	0.0001519559	580.5176	160.5176	1339.482	919.4824	40	1
72	1	0	0.5402511	580.5176	160.5176	1339.482	919.4824	35	1
73	3	1	4.334967	580.5176	160.5176	1339.482	919.4824	61	1
74	5	0	0.5460553	580.5176	160.5176	1339.482	919.4824	12	1
75	1	1	0.3388214	580.5176	160.5176	1339.482	919.4824	72	1
76	5	1	0.2219032	580.5176	160.5176	1339.482	919.4824	33	1
77	1	0	0.9048329	580.5176	160.5176	1339.482	919.4824	46	1
78	3	1	0.3056631	580.5176	160.5176	1339.482	919.4824	14	1
79	6	1	0.9286004	580.5176	160.5176	1339.482	919.4824	96	1
80	4	0	0.4372418	580.5176	160.5176	1339.482	919.4824	90	1
81	6	1	1.228255	580.5176	160.5176	1339.482	919.4824	93	1
82	2	1	0.4048233	580.5176	160.5176	1339.482	919.4824	1	1
83	5	1	2.057674	580.5176	160.5176	1339.482	919.4824	87	1
84	4	1	0.2836934	580.5176	160.5176	1339.482	919.4824	74	1
85	4	1	0.0001607938	580.5176	160.5176	1339.482	919.4824	80	1
86	2	1	2.087957	580.5176	160.5176	1339.482	919.4824	6	1
87	3	1	0.4600055	580.5176	160.5176	1339.482	919.4824	9	1
88	2	1	3.638842	580.5176	160.5176	1339.482	919.4824	8	1
89	4	1	0.0001511006	580.5176	160.5176	1339.482	919.4824	29	1
90	6	0	0.3093682	580.5176	160.5176	1339.482	919.4824	69	1
91	1	1	0.4863064	580.5176	160.5176	1339.482	919.4824	22	1
92	6	0	1.955288	580.5176	160.5176	1339.482	919.4824	17	1
93	6	0	1.90541	580.5176	160.5176	1339.482	919.4824	23	1
94	3	1	0.009576927	580.5176	160.5176	1339.482	919.4824	59	1
95	5	1	0.750674	580.5176	160.5176	1339.482	919.4824	88	1
96	4	1	0.0001898736	580.5176	160.5176	1339.482	919.4824	78	1
1	6	0	4.343854	580.5176	160.5176	1339.482	919.4824	24	3
2	5	0	1.20639	580.5176	160.5176	1339.482	919.4824	60	3
3	2	1	0.7609272	580.5176	160.5176	1339.482	919.4824	5	3
4	6	0	4.215657	580.5176	160.5176	1339.482	919.4824	65	3
5	4	1	0.2166395	580.5176	160.5176	1339.482	919.4824	31	3
6	2	1	4.075524	580.5176	160.5176	1339.482	919.4824	4	3
7	2	1	0.5986725	580.5176	160.5176	1339.482	919.4824	1	3
8	5	1	2.789389	580.5176	160.5176	1339.482	919.4824	36	3
9	5	1	0.0001488198	580.5176	160.5176	1339.482	919.4824	81	3
10	4	1	0.0001938649	580.5176	160.5176	1339.482	919.4824	32	3
11	4	1	0.0001382713	580.5176	160.5176	1339.482	919.4824	29	3
12	6	0	0.6486173	580.5176	160.5176	1339.482	919.4824	21	3
13	2	1	1.061501	580.5176	160.5176	1339.482	919.4824	6	3
14	1	0	2.968046	580.5176	160.5176	1339.482	919.4824	84	3
15	6	0	0.7076734	580.5176	160.5176	1339.482	919.4824	19	3
16	3	1	1.460406	580.5176	160.5176	1339.482	919.4824	11	3
17	3	1	0.750741	580.5176	160.5176	1339.482	919.4824	59	3
18	4	0	0.6715472	580.5176	160.5176	1339.482	919.4824	92	3
19	1	0	3.352359	580.5176	160.5176	1339.482	919.4824	55	3
20	4	1	1.807901	580.5176	160.5176	1339.482	919.4824	30	3
21	6	1	2.043938	580.5176	160.5176	1339.482	919.4824	43	3
22	1	1	2.481897	580.5176	160.5176	1339.482	919.4824	20	3
23	3	1	0.4878996	580.5176	160.5176	1339.482	919.4824	15	3
24	3	1	0.0001565174	580.5176	160.5176	1339.482	919.4824	64	3
25	6	0	1.195952	580.5176	160.5176	1339.482	919.4824	22	3
26	1	1	0.3785215	580.5176	160.5176	1339.482	919.4824	66	3
27	4	0	0.1095015	580.5176	160.5176	1339.482	919.4824	47	3
28	2	1	0.692589	580.5176	160.5176	1339.482	919.4824	49	3
29	6	0	0.2734867	580.5176	160.5176	1339.482	919.4824	23	3
30	6	1	1.866378	580.5176	160.5176	1339.482	919.4824	41	3
31	2	1	0.5866082	580.5176	160.5176	1339.482	919.4824	2	3
32	2	1	0.2275441	580.5176	160.5176	1339.482	919.4824	54	3
33	2	1	0.0001505304	580.5176	160.5176	1339.482	919.4824	50	3
34	2	1	1.979734	580.5176	160.5176	1339.482	919.4824	56	3
35	3	1	1.165758	580.5176	160.5176	1339.482	919.4824	13	3
36	2	1	0.05835705	580.5176	160.5176	1339.482	919.4824	3	3
37	3	1	0.2135873	580.5176	160.5176	1339.482	919.4824	57	3
38	4	1	0.0001508155	580.5176	160.5176	1339.482	919.4824	25	3
39	6	0	1.223846	580.5176	160.5176	1339.482	919.4824	86	3
40	4	0	0.9624837	580.5176	160.5176	1339.482	919.4824	95	3
41	1	0	0.4970893	580.5176	160.5176	1339.482	919.4824	35	3
42	NaN	NaN	4.451851	580.5176	160.5176	1339.482	919.4824	45	3
43	1	0	2.598508	580.5176	160.5176	1339.482	919.4824	91	3
44	1	1	0.004278713	580.5176	160.5176	1339.482	919.4824	18	3
45	6	0	0.3376437	580.5176	160.5176	1339.482	919.4824	69	3
46	3	1	1.980534	580.5176	160.5176	1339.482	919.4824	61	3
47	5	1	1.32668	580.5176	160.5176	1339.482	919.4824	82	3
48	4	1	1.939149	580.5176	160.5176	1339.482	919.4824	80	3
49	5	1	1.117324	580.5176	160.5176	1339.482	919.4824	40	3
50	3	0	1.499878	580.5176	160.5176	1339.482	919.4824	7	3
51	1	0	1.046207	580.5176	160.5176	1339.482	919.4824	83	3
52	5	1	1.554951	580.5176	160.5176	1339.482	919.4824	38	3
53	3	1	1.609244	580.5176	160.5176	1339.482	919.4824	62	3
54	4	0	1.933574	580.5176	160.5176	1339.482	919.4824	90	3
55	3	1	0.5376042	580.5176	160.5176	1339.482	919.4824	63	3
56	4	0	0.0002044134	580.5176	160.5176	1339.482	919.4824	46	3
57	6	0	0.5238814	580.5176	160.5176	1339.482	919.4824	67	3
58	4	1	0.0001576578	580.5176	160.5176	1339.482	919.4824	75	3
59	5	1	0.9197328	580.5176	160.5176	1339.482	919.4824	88	3
60	5	0	0.1745446	580.5176	160.5176	1339.482	919.4824	12	3
61	6	1	0.1375654	580.5176	160.5176	1339.482	919.4824	96	3
62	4	0	0.4127564	580.5176	160.5176	1339.482	919.4824	44	3
63	3	1	1.033565	580.5176	160.5176	1339.482	919.4824	14	3
64	4	1	0.0001633597	580.5176	160.5176	1339.482	919.4824	76	3
65	3	0	2.567549	580.5176	160.5176	1339.482	919.4824	72	3
66	5	0	0.9872143	580.5176	160.5176	1339.482	919.4824	52	3
67	3	1	3.499737	580.5176	160.5176	1339.482	919.4824	58	3
68	3	1	1.09314	580.5176	160.5176	1339.482	919.4824	10	3
69	4	1	0.6977452	580.5176	160.5176	1339.482	919.4824	28	3
70	5	1	2.052475	580.5176	160.5176	1339.482	919.4824	85	3
71	6	0	0.0001502453	580.5176	160.5176	1339.482	919.4824	70	3
72	3	1	1.351746	580.5176	160.5176	1339.482	919.4824	9	3
73	6	0	0.8001555	580.5176	160.5176	1339.482	919.4824	71	3
74	4	1	1.055032	580.5176	160.5176	1339.482	919.4824	26	3
75	4	1	0.04163135	580.5176	160.5176	1339.482	919.4824	74	3
76	2	1	1.520747	580.5176	160.5176	1339.482	919.4824	53	3
77	6	1	0.1351506	580.5176	160.5176	1339.482	919.4824	89	3
78	5	1	0.2102354	580.5176	160.5176	1339.482	919.4824	33	3
79	4	1	1.127311	580.5176	160.5176	1339.482	919.4824	77	3
80	1	1	1.307957	580.5176	160.5176	1339.482	919.4824	68	3
81	5	1	1.452377	580.5176	160.5176	1339.482	919.4824	37	3
82	6	1	0.0002714109	580.5176	160.5176	1339.482	919.4824	48	3
83	5	0	0.4239743	580.5176	160.5176	1339.482	919.4824	8	3
84	4	1	0.0001653554	580.5176	160.5176	1339.482	919.4824	27	3
85	6	0	0.912133	580.5176	160.5176	1339.482	919.4824	17	3
86	4	1	0.0002594369	580.5176	160.5176	1339.482	919.4824	79	3
87	5	1	0.0001511006	580.5176	160.5176	1339.482	919.4824	39	3
88	4	0	0.0002403355	580.5176	160.5176	1339.482	919.4824	42	3
89	5	1	1.014405	580.5176	160.5176	1339.482	919.4824	87	3
90	4	1	0.5930028	580.5176	160.5176	1339.482	919.4824	73	3
91	3	1	1.137871	580.5176	160.5176	1339.482	919.4824	16	3
92	2	1	1.320478	580.5176	160.5176	1339.482	919.4824	51	3
93	1	0	0.9427973	580.5176	160.5176	1339.482	919.4824	94	3
94	6	1	0.537497	580.5176	160.5176	1339.482	919.4824	93	3
95	4	1	1.388439	580.5176	160.5176	1339.482	919.4824	78	3
96	2	0	0.8369727	580.5176	160.5176	1339.482	919.4824	34	3
